Date: 	2025-07-01-
Time: 	1039-54

Picoscope code: 	1111111000000000000000000000000000000000

Max potential (current channel) [V]: 	20
Max stack potential [V]: 	20
Max cell potential [V]: 	20

Cell numbers: 	1,2,3,4,5,6,7,8,9,10
Area [cm2]: 	195
Temperature [degC]: 	50
Pressure [bar]: 	0
DC current [A]: 	1
AC current [in pct of DC current]: 	0.4
Shunt: 	200mA/200mV

Run without potentiostat [Y/N]: 	N
Frequencies selected: 	[10000.0, 5000.0, 2000.0, 1000.0, 500.0, 200.0, 100.0, 50.0, 20.0, 10.0, 5.0, 2.0, 1.0]

Time	Current (as voltage)	Voltage1	Voltage2	Voltage3	Current (as voltage)	Voltage5	Voltage6
s	mV	mV	mV	mV	mV	mV	mV

0.0	-0.6687601179491582	0.7658381995869175	-0.5042667018406662	0.07502930165794176	0.3293720626996187	0.46420273164098286	0.44421606777435657
0.002004008016032064	-4.267486128020345	3.9238837140733667	-2.639976477335592	0.8526764880737774	1.9091708412919661	2.191705385003615	3.2198581110299376
0.004008016032064128	-11.656221540806227	8.277597673513803	-5.875390707108289	3.2135830828672463	4.698554389287965	3.5165899221995502	10.13466177613813
0.0060120240480961915	-17.667690007505914	8.754888349928464	-7.4230894495566035	5.823181292489869	7.088070873710654	0.05585737947187769	17.83102391447679
0.008016032064128256	-15.954513404321258	3.432736746292689	-6.453599340651636	5.3684683500500014	9.39076053834954	-8.752987313146471	18.13078340516691
0.01002004008016032	-7.906174825747045	-3.3325838696383085	-4.886767479119761	1.3977770256139175	12.961569867358333	-16.62319359233202	8.044591466880886
0.012024048096192383	0.7584804830351346	-6.887515387345888	-2.4863313756258836	-2.7305692683337988	13.693434098802276	-17.014086861455887	-5.103514742795549
0.014028056112224447	7.614441612127308	-6.089043939589565	3.2549768164966086	-3.815916006210731	5.273025524567975	-9.726473252066377	-12.668062396171969
0.01603206412825651	11.535709407678494	-3.6000232690618743	12.02025168578766	-2.2108887589192836	-9.876295365929849	-0.21830994821334554	-13.520854604981368
0.018036072144288574	11.74976139199147	-4.815559416024615	19.704615354067563	-2.444171379151289	-20.709777278665683	6.1686756490422905	-11.38181889734896
0.02004008016032064	12.025849914494811	-10.735768733093725	21.345794193852605	-7.417842272850734	-18.855346783958865	8.829112458658054	-9.30263165764558
0.022044088176352703	16.040599974290444	-14.434802776261778	15.350142150519687	-12.89946218538814	-6.587606177505629	10.234993855728925	-8.81470037047993
0.024048096192384766	20.14185662283237	-10.99669738964955	7.07618805241441	-13.312816828754785	4.984341215271085	11.33140404281585	-10.254652178160175
0.026052104208416832	18.457860648883514	-5.5485635504439115	3.328708328376584	-8.942049802991455	5.7111380819685476	11.10974774294188	-11.969563336718908
0.028056112224448895	10.252666327105713	-4.824903457163191	3.391403901983399	-2.5197035163286117	-4.037400919864011	9.029229171608371	-10.86132548343875
0.03006012024048096	-0.04454407467439253	-6.114296995376594	2.3769931829672974	5.028539742160586	-15.206774367901096	5.841052329716101	-5.944352142392705
0.03206412825651302	-5.530355588242062	-2.94112074318073	0.32682907768642866	11.839205293488838	-19.648431208816884	3.180835345622775	-0.9829116329257197
0.03406813627254509	-2.5390002244612666	3.6600885210092455	1.6576867313480546	13.93784519161562	-15.624575253704345	1.9491925713540506	-0.5055287577124281
0.03607214428857715	3.8963684787980033	8.095077369281931	6.840730003279056	8.964683126848469	-7.670000500397132	1.0717585847242186	-3.4753905795660507
0.038076152304609215	4.473319467603928	8.689391398941316	8.660884082044058	-0.8661902193249083	-2.5040701628881146	-0.026283018077612408	-5.0900803707648015
0.04008016032064128	-2.605447038159054	7.463156780382959	-0.4703485999548137	-9.061443673631654	-3.0300200502212946	0.15952609993718786	-3.6224108458681252
0.04208416833667334	-9.455751241786148	6.129391130172457	-19.064136539126284	-9.697987538852923	-5.925255142443012	1.7181293654035696	-0.014336669955581915
0.044088176352705406	-10.533429193339341	5.806860427173027	-36.544295059562934	-3.943333449934194	-5.60415176007894	2.3712534242152854	5.88999061173671
0.04609218436873747	-8.655656920373831	7.869835036256997	-41.56880553733249	2.601702652738963	-0.2542653667315772	1.4404691416778537	11.841820404808107
0.04809619238476953	-7.889582774997347	11.938904476689295	-31.68329905961085	9.029783642974854	7.457481623283105	-0.33438652173752886	11.905167008802414
0.0501002004008016	-9.181008271785752	13.804732873060109	-15.99717477917674	17.47292891552412	14.103779234528348	-3.0557778032911846	4.67991833704162
0.052104208416833664	-11.497690572831015	9.0831702949108	-5.698965647989902	25.05450871613623	17.340991575230035	-5.885429619946226	-3.9769969709753825
0.05410821643286573	-11.902131283526424	0.5250949575696773	-3.411622702339016	25.954290354726858	16.419342285961125	-6.895874350423798	-7.624130647594414
0.05611222444889779	-7.403548460666898	-3.2861144321238145	-4.914463176318599	18.479578235687804	13.20531008782998	-5.451965196028105	-3.3550614421493767
0.058116232464929855	1.5905437546049659	1.198581952335654	-5.671068461224686	6.743417658463976	11.544303716170802	-2.445700075556667	7.667689368035616
0.06012024048096192	11.021548628935662	8.25102614282608	-2.550895936819827	-3.189018119706164	13.771314593818182	0.04975300260174376	20.38347343529724
0.06212424849699398	14.681462220970818	9.608041326126424	4.59265364150879	-8.956683264789458	17.89843865958524	-1.0922279390193328	29.16813977293213
0.06412825651302605	7.875278702514766	2.1188687850005836	11.700002624156749	-12.419527765561385	19.25204081638127	-6.084243065584211	31.05909291351958
0.06613226452905811	-5.703716560097242	-8.970297542217043	14.779825438363927	-15.105316641968507	13.38396098235207	-9.14713351459371	24.377747996758533
0.06813627254509018	-14.86122799833084	-13.991967745099815	14.021487369840065	-16.250757222607664	-0.7429228372273776	-5.775471547045186	9.040382545865445
0.07014028056112225	-12.957453297830996	-8.983164663001844	11.545620037672697	-15.229941165736166	-17.05536326815318	-0.12157440047546314	-9.279821332373794
0.0721442885771543	-3.620958477151454	0.03353605113774205	9.147801289430511	-13.864028542758648	-26.132287450925713	1.7834300509534304	-20.896509272995868
0.07414829659318636	6.882048046054051	4.303323578645983	9.443341465556635	-13.711913473146218	-25.27575522440127	1.785732080084019	-21.42132212806038
0.07615230460921843	15.669220413608713	1.128896274378005	14.133543418265383	-12.664266977878585	-20.832649458428488	4.9501555411092095	-15.58449765310806
0.0781563126252505	21.305653658982592	-5.007844305024502	20.12171769407869	-8.526483036299213	-19.325105068582214	9.539469820290785	-9.369688068119503
0.08016032064128256	22.06832245544392	-8.446157303071283	20.961540943405282	-2.5300477245872237	-19.727403068857125	10.647698559182205	-3.852873113710687
0.08216432865731463	17.720473791251145	-7.366054149811446	13.772462001339397	3.0914196263217377	-16.51375961303678	9.071262089167243	1.2379595162325117
0.08416833667334668	11.132602773289333	-2.794688631694366	2.976358682641163	5.897884969205652	-7.94886587377257	7.579399939419346	3.6347068075069817
0.08617234468937875	5.211775851749066	2.936574159818263	-3.9820551893530953	4.238940297311419	1.1067288172923742	4.414346903238597	1.0067393551826942
0.08817635270541081	-0.9411284192329386	7.41362782326073	-3.722869800986206	0.37895795031496404	4.017346762252952	-1.3086684214981739	-4.550973003176025
0.09018036072144288	-8.91730710336166	10.676824069780839	0.03333893382739517	-2.3162351766808578	-0.0792210073527112	-4.743071718216966	-8.17769531111655
0.09218436873747494	-16.591321588335152	12.934320140401105	0.46434246545148267	-2.0806687759946545	-3.5465044439174513	-2.084631015354729	-7.852202074059266
0.09418837675350701	-20.234700860718675	12.395894728775312	-3.6551893207041863	2.84746983671352	1.7694097521299166	3.3607997396298774	-5.040968815519428
0.09619238476953906	-18.016147260435112	9.09605829985731	-5.8813141155325335	12.120154792619788	14.049814159159922	4.3086151702888795	-1.7175860007661232
0.09819639278557113	-10.884702572659545	4.658172620115322	-2.869250559400237	20.94064482705658	23.505732756443813	-2.3216045654908157	0.9310454005979814
0.1002004008016032	-3.98013106089591	-0.5362851595352154	-0.5663463647912129	23.685145713118704	24.90496960904639	-11.500526379444556	2.705978389578436
0.10220440881763526	-3.818111324989544	-4.927337895425896	-4.326228572918905	18.849704208874794	22.67596634567947	-17.41425033364274	5.112020458936921
0.10420841683366733	-10.122893834560003	-6.00002425955999	-11.39603650518632	8.690561269155403	22.468695814057888	-19.738097480461047	9.723822653361193
0.1062124248496994	-16.013372222322364	-4.199220630305178	-16.24762962206978	-2.7104310573968498	24.5062333776942	-18.59404657553335	14.980785925750922
0.10821643286573146	-16.616345608803385	-1.8106261225139633	-16.817669341005306	-9.208036381289276	25.176420914374503	-11.6730814011769	17.2470828758198
0.11022044088176351	-11.467443694164466	0.16006455647545548	-14.58052797446363	-7.350431108880457	20.17826991866487	-0.37434135673267815	14.25412191549786
0.11222444889779558	-1.2541545864010302	1.2105230965847766	-10.94227392687533	-1.9206344333445904	8.886827848422982	8.68791041361928	7.023224880196451
0.11422845691382764	10.997947124817115	-0.32931170320696146	-5.378836622285832	-1.1847665633445266	-3.3529733481945176	11.47689502084156	-0.45896977711918047
0.11623246492985971	18.33883782567071	-5.646569821250561	1.6269148827846347	-8.57364545655908	-9.904954541025674	10.195811946443941	-5.139705815426679
0.11823647294589178	16.11166251632251	-13.076889370358442	7.1669933843074185	-20.944009071955623	-9.246907262161892	8.686321272947788	-8.127408162730962
0.12024048096192384	8.587872454888377	-20.18790325383657	9.948859874601084	-30.92126165266682	-6.190014638759722	9.147489450247607	-11.761009335474336
0.1222444889779559	5.875505847876227	-26.01903283122401	11.77160120582401	-31.051604384361287	-6.94467852508811	11.648026379655763	-15.410418746539484
0.12424849699398796	13.359888714100554	-28.1374452624819	13.55550339698086	-20.94308136221402	-12.299556890213738	13.449573225217302	-17.48972207584644
0.12625250501002003	24.652527756650457	-22.78382570081878	14.333429702450758	-8.507251559019695	-17.20944658290789	10.887426446512102	-17.73751052301469
0.1282565130260521	27.345786920863862	-11.21410523922358	13.568812210172132	-1.1734506596128063	-18.280406034451413	4.1154217571815614	-14.210495337891395
0.13026052104208416	15.893934079733766	-0.8935532394749923	10.831298794867891	0.249221958663721	-17.193343731984694	-1.6323413149918264	-5.255350367457076
0.13226452905811623	-2.6236492745111106	1.6224370269019934	6.3079786520142855	-0.825196244233954	-15.579085970629459	-2.2383545361347075	4.138039695995338
0.1342685370741483	-15.696851322851577	-3.472753008118402	1.8671876406390084	-0.814234653868007	-12.871866062626035	0.25116476903057733	6.3996859912861765
0.13627254509018036	-18.131566815054057	-10.741985748507185	-1.7055716457529766	2.15746536839134	-9.755215180187472	1.247799773102264	0.3081335647497994
0.13827655310621242	-14.556393030739047	-13.910324619352538	-4.800572727683574	7.087811586228089	-7.947318327900236	-1.1243165075481103	-9.353248315989333
0.1402805611222445	-10.731198286445066	-8.576458548389985	-6.912952541357364	10.82454604043608	-6.1695509773010695	-5.449662013325254	-16.923333654269758
0.14228456913827653	-8.513877250199174	5.868171033681343	-8.802956325948205	11.791930665086355	-0.16232022635227175	-9.896505446075146	-18.189954448119764
0.1442885771543086	-7.237197418772305	24.945131355513336	-12.780339953985896	11.720374374059361	10.833505061818867	-13.582508390146073	-10.999551444747754
0.14629258517034066	-6.197589915018522	40.20218117991149	-18.19079486200581	13.232656909445222	20.247981451915606	-14.878991166923633	3.0514013056676808
0.14829659318637273	-6.336135613412662	44.022170399360405	-20.711300326176687	16.91400757313999	21.174262853979968	-13.403347678708416	17.16204934133261
0.1503006012024048	-8.740862139579658	35.360388748530326	-18.721816482505947	20.19403670567616	14.908217511493385	-12.32220046143041	23.23411416019016
0.15230460921843686	-12.702382497165237	20.520509412446884	-15.872433798181172	19.410683308350908	9.50375458943627	-12.859092347891071	19.182200028416776
0.15430861723446893	-16.69485501967811	7.912417505137747	-14.352398009545817	13.888140908604758	10.611074508216781	-11.771541454918314	10.00148683637315
0.156312625250501	-17.830996632344778	2.678888028207246	-11.597760377803107	7.484101815252906	14.62077355894503	-8.381926481659889	2.051445734356327
0.15831663326653306	-11.743457316594958	4.589058928721486	-5.5380219082418884	4.790265547998651	12.758112124874387	-6.154333190969906	-0.9633146825582479
0.16032064128256512	1.2448517112520876	8.5422948186777	2.305094921873055	5.801192943460862	2.3781649132235994	-5.574170134131684	0.6574996430033246
0.1623246492985972	13.456227341330777	8.480144694554587	8.917964883415879	6.910874803976629	-9.527663968686005	-3.7153230814350735	3.270823676968618
0.16432865731462926	17.9159558192068	2.138933156275505	11.955684678962859	6.241322145303933	-14.956637173575466	-0.20847950970511758	4.867404088940337
0.16633266533066132	16.176987157007055	-7.452335566818841	11.661044422906215	4.293966957827861	-12.012843412448518	3.535250776422183	7.023976379636626
0.16833667334669336	15.668453825839874	-15.265857388903873	11.00154335835931	0.6898358131985469	-4.190817655100796	8.327369961540455	9.785707299383992
0.17034068136272543	19.50472561421038	-19.015888076431438	11.597064545775481	-5.800127231759358	2.178169006293579	14.351127685609937	10.107094109236545
0.1723446893787575	22.53927856358473	-18.970037719337707	12.716873557508308	-14.406204288332972	2.3826747757260054	18.804995713296375	6.672971413826018
0.17434869739478956	19.342439248112107	-16.50654660431	14.259904309478477	-22.451087836988886	-3.4034776722445934	20.487599985442575	2.0369858140988617
0.17635270541082163	11.441531275704774	-15.077586218767701	15.107684601906234	-26.737993057497636	-12.863376630898328	20.527546850354785	-0.6739525289119019
0.1783567134268537	4.302551072046378	-17.317887923016468	12.37855024394799	-23.988467103916797	-22.763859861396025	17.85063187202595	-1.1801934042941051
0.18036072144288576	0.9341877962623522	-20.10700462555873	6.9101625386005745	-13.978904833750152	-27.574556685262632	10.753859269064778	-1.0054547015076196
0.18236472945891782	0.00378496714792087	-17.110460077680486	4.0967984696893245	-2.468746024887098	-23.281299920174302	1.9951521857357692	-0.8910177900025247
0.1843687374749499	-2.2435583042793015	-6.435657758499489	6.658415107055068	3.3178534931064725	-12.8526429190867	-2.5338336753874984	-0.42044461699600005
0.18637274549098196	-7.261662083138509	7.830339269409891	10.576685503636655	2.3615004926757184	-4.1060873999622345	0.7434093054866457	1.1331955767371313
0.18837675350701402	-11.877571409646276	19.618465139481696	9.203117959933106	-0.6450070926976308	-1.0333568903433243	9.11771361729475	3.463158459127148
0.1903807615230461	-12.790422592118468	22.74415728202243	-0.4370915066509896	-1.4791777948216644	-0.06607915803064512	13.605119063923796	5.472910170408572
0.19238476953907813	-10.495697344595504	14.992291887686315	-14.294396403199581	1.3669204796301206	3.4288092299803434	7.7494793494403655	6.637143441247697
0.1943887775551102	-8.567409634643221	3.9434065788866937	-23.781691751098435	6.596735239940068	8.249260324095555	-3.352665975952304	6.747545342141678
0.19639278557114226	-10.092359345110564	0.5601793018805232	-23.673355364396006	10.692082983962822	10.438710489401958	-9.745201785073522	5.694003228451506
0.19839679358717432	-14.653211668234366	6.379262230775532	-17.040287712304085	11.254364359114902	10.769920639173982	-9.604504002776636	3.661914557576659
0.2004008016032064	-19.260345235559438	13.525286591075414	-10.775999700976815	8.77435539343095	12.82681773796596	-8.127313913718323	1.0505880639361276
0.20240480961923846	-20.445133334355074	14.941631151839772	-8.314944292986661	5.048401267505822	15.957112820758226	-7.940508345720277	-1.3907310565139703
0.20440881763527052	-17.231238016676667	10.431092080616637	-7.75762946784601	1.926137725566132	16.76660301923269	-8.523469085790962	-2.7642797390729887
0.2064128256513026	-13.104064617479334	3.8044336776112564	-4.78880537563093	1.510298394779621	13.795748735940029	-9.103778651092702	-2.9221438003466718
0.20841683366733466	-11.381354831207632	-2.6797127785797974	2.813268210980127	4.534178317690412	7.012918273301082	-7.284803719787874	-3.2230860353841644
0.21042084168336672	-9.94830841195456	-8.800361025203577	13.086023938957482	7.795140310964321	-2.0392567908659207	-1.9508450384864113	-4.853781132277001
0.2124248496993988	-4.308991836232438	-13.381262887007901	21.864425353620874	7.777332183736675	-8.658956543758752	4.071352651357936	-6.3132655175736145
0.21442885771543085	6.491243787591096	-14.882481081949345	25.6005000283645	6.202516516794891	-8.659954385285438	8.311525371193795	-5.266662240547364
0.21643286573146292	19.659267183768918	-14.422428958989238	23.048397363970444	6.674534685549949	-3.2796016984687335	9.77010882991379	-2.9982385767736632
0.21843687374749496	30.80884219865382	-14.414483337608175	15.918564561295971	7.260379509920821	2.339786509210556	7.888785841096061	-3.3835676838267554
0.22044088176352702	35.312136825323435	-13.875290943991544	8.439039236164788	2.0423331948506203	4.347491745692837	5.5756075558924785	-7.279644336927018
0.2224448897795591	31.387739433917844	-8.645013797218738	5.016357329160164	-8.603083605807614	1.5539938202457022	7.236147103762038	-11.754413338812162
0.22444889779559116	22.28133081495527	1.3555082129040816	6.563163690578066	-15.951500969754735	-6.203586970105677	11.554790422047576	-14.366984300609108
0.22645290581162322	13.269254529379664	9.01595311995665	10.192693061016456	-14.627845660818794	-16.915892057153492	11.540704347908694	-15.795681545452094
0.2284569138276553	6.748076302470195	8.052530837880743	13.021782967852943	-8.282064587915265	-25.814370058503837	2.8165121090116703	-17.940076664286533
0.23046092184368736	2.0851108629697053	0.23380548623304276	13.811895268537802	-2.08305810469132	-28.041555214460626	-9.902391985579586	-20.060739254042698
0.23246492985971942	-0.6117042609419197	-7.6016401312430695	11.516688209744919	1.811116937752281	-21.978964727175093	-16.195500341094434	-18.777554037649452
0.2344689378757515	0.15570528677594458	-9.406386550810446	5.342753069814946	3.009208570344663	-11.52935069628171	-11.066930924849542	-12.05482909587464
0.23647294589178355	3.4462930085977947	-2.732742918605262	-3.396701472549791	3.62990968509488	-2.613379984618066	-0.9279519252962485	-2.0968839408256494
0.23847695390781562	4.369699388815096	9.072997628907867	-11.13320697442108	6.260393523850965	3.352327655799708	3.448684399113761	5.666382171869167
0.24048096192384769	-0.09157381132865744	18.13856618830107	-14.957019863099335	10.29884703135969	9.285527018086668	-1.0727164906599762	6.952191051488389
0.24248496993987975	-5.908872179626684	20.32116452686224	-16.117379478141526	14.253542724227657	15.714142599564921	-7.490429579007611	2.6653947661274335
0.2444889779559118	-8.522293503807813	19.815439652326162	-19.378215773181587	16.90780853333776	17.611020937964756	-9.073361270292029	-1.7307423246567375
0.24649298597194386	-10.140239382264065	21.019691091654437	-26.05282434707754	16.704630395272005	11.109120715004627	-8.081556752944529	-1.535337392075092
0.24849699398797592	-13.392369663601524	20.87449457544423	-29.56856360086347	14.831278206488552	0.6753361099028506	-10.218092448933561	3.734059098832687
0.250501002004008	-15.668546963854165	14.831578192839359	-22.898261732798524	13.140822229705755	-4.25155802581087	-15.04439907087729	11.79713920140259
0.25250501002004005	-14.615737266882777	5.229015813852853	-8.660282530568404	9.24732908426693	0.7125999043942809	-17.601132750130965	19.012212450550038
0.2545090180360721	-11.115184764263045	-2.1048020119181663	2.844028926814707	0.4388451361469874	10.50766908971491	-15.54377174936708	21.33354549410599
0.2565130260521042	-7.163839041016697	-6.347715738985628	4.7890889201026985	-11.08562146340125	17.754282633414427	-10.145311156803665	17.136522335557174
0.25851703406813625	-5.304960633667148	-11.286129098363231	-0.09535261757962607	-20.42529382301192	19.915900698052003	-4.518453291878707	8.646168091352278
0.2605210420841683	-6.376033029101266	-18.468071171678243	-3.644964784180284	-24.211758999577306	16.886502543239676	-2.5316291561913467	-0.34944290525302363
0.2625250501002004	-6.595443100087497	-24.44935299003825	-0.8588447796084479	-21.9961963855527	9.15813035127195	-5.143077828402923	-7.760290314395607
0.26452905811623245	-0.983075286097296	-23.714624048021562	5.208436865267526	-16.09083177826924	1.2874878187649723	-8.543720436793418	-13.535281419314632
0.2665330661322645	10.367979711632001	-15.251153727233694	8.217968722824248	-10.935898942285762	-0.9466732891444266	-8.185954771442054	-17.56647050850907
0.2685370741482966	22.167676691953602	-5.690766713841286	7.135586493083552	-10.436795154006312	0.9517735054502228	-2.519117136006207	-18.95723103405336
0.27054108216432865	28.827846691201444	-1.859850395923808	6.5232131477984945	-14.706836631010328	-0.6981538321938179	6.6868325600140395	-16.65013843174965
0.2725450901803607	27.73637081966335	-2.984492408382237	9.534968697981519	-20.729835885352873	-8.841438281364576	15.479975367628976	-10.169865683030581
0.2745490981963928	19.667716152131007	-3.9651931186503306	14.018059495128744	-25.16828914805274	-17.357817867500994	20.206019731670022	-1.0345097985667977
0.27655310621242485	8.961740083947502	-2.9195409237668803	15.059349333977186	-25.600749037150297	-19.26486202916821	19.10939458814375	6.746532701149061
0.2785571142284569	1.1379389010760232	-2.728067008030062	10.343067966760387	-21.841589291804855	-15.089901539664428	12.18940845976801	8.778631733505478
0.280561122244489	-3.2046799180385404	-5.876130261128732	3.1160527987041093	-16.546926738027597	-10.685895260282331	2.580737649153095	4.53456139945716
0.282565130260521	-7.707597095541671	-10.556141496818194	-1.9343968722420448	-12.422131870772079	-9.22793186421965	-3.4308171926307622	-0.3103179295436071
0.28456913827655306	-11.8477949532657	-13.196196930605986	-4.569613807974675	-9.147177195433507	-8.671513589254042	-1.6568330475362278	0.7595916130488702
0.2865731462925851	-10.565110096427242	-10.821264989405705	-6.650197767990547	-4.2923744540233475	-4.951709445100311	6.241405802081163	7.590579022845526
0.2885771543086172	-3.2391032813730134	-1.238240846815075	-7.134402103581164	2.1985821176424327	5.161095138386191	14.483128620354838	14.86769629310225
0.29058116232464926	3.921224408316823	13.606566345335835	-4.794120816044882	6.261798782271546	19.270828723597514	16.537613544845776	18.195315575138096
0.2925851703406813	5.437941682549621	26.20430252326159	-2.80591183078247	5.302148564157898	27.729346446415676	10.165021618774093	15.74467385853326
0.2945891783567134	1.6548703595095007	29.63815379998283	-6.3542005977451455	1.9917652226107145	24.35340536248181	0.81700601347373	8.848694219783741
0.29659318637274545	-3.117722291432844	23.304676784271876	-16.269851517837967	0.5106006787454138	15.45092847521199	-4.166235149404267	2.4970588739837885
0.2985971943887775	-4.465209610860051	12.25559306910047	-26.343683183100076	3.5362650402746816	12.074787731668579	-3.8447358338125905	1.4519524383064606
0.3006012024048096	-1.6433158125648304	4.089237100412967	-28.16771405103689	10.463007117883059	17.09411958075102	-2.4918415603699557	5.884489469368914
0.30260521042084165	1.426800967081022	4.727380501670113	-18.859822436182	16.09639481510698	23.630079797545378	-3.8922937504122324	11.367236669659627
0.3046092184368737	0.09182277475189293	12.797904284143693	-3.755606704977447	16.309864012835124	23.28033117613316	-8.467161525116705	13.03803597886636
0.3066132264529058	-6.355999222417854	18.786964970633306	7.7554740710276	14.263908002402122	13.993010958649535	-13.269113277684292	10.530727797828346
0.30861723446893785	-14.465076589527744	14.559671841849521	10.190929434077622	16.00543016363161	1.3294939246154338	-15.900061079445862	8.352621762564738
0.3106212424849699	-19.7627930170949	2.680168275327607	6.5745312147266555	21.251131490296412	-8.362883367528957	-16.555687728707476	10.939748958252315
0.312625250501002	-19.174473188965816	-8.9820465380266	4.113450526769937	22.91184257788407	-14.992822113300955	-15.306484169626906	16.06254192078364
0.31462925851703405	-12.57102938271767	-16.41391852460704	5.673119723502498	16.068779653405795	-21.551260792815235	-11.831980426115798	15.906348178455936
0.3166332665330661	-3.463807772887843	-18.941650637789376	7.561098806107409	4.113845801785059	-26.278048027986298	-6.568000342581236	8.230989749679399
0.3186372745490982	3.071355531740347	-18.092591015099384	6.273155369676794	-4.813854329262927	-24.81024163989066	0.5070057897208449	-1.0106984890848765
0.32064128256513025	4.929562796670651	-17.719105740216616	3.1787296275822556	-5.566060994529002	-18.679736759676086	10.15324214773914	-7.771938874564494
0.3226452905811623	4.7987939274195055	-19.61924467443205	1.1993463409599883	-0.6863717542094696	-13.851581585008455	21.68823206465518	-12.571767468796406
0.3246492985971944	6.094374083951757	-21.33410610307294	1.7549517169098885	2.135780426641376	-12.118140839935743	30.626608628173436	-14.995721560576174
0.32665330661322645	9.732696863287513	-20.215475193161836	5.190175224842252	-1.6185378898319451	-10.723620516069753	30.405222752339306	-14.468860244514234
0.3286573146292585	14.285088531557077	-17.74352361444711	9.670919816035415	-8.719277406400792	-8.32434888283641	20.02044196497342	-14.227795537459567
0.3306613226452906	15.407663660187605	-16.805632958506	10.195354515359995	-12.349280517410948	-5.675941396129582	8.327695340631779	-17.25852874779806
0.33266533066132264	8.470280808746839	-16.406265243353115	4.087263320816882	-8.706671940883304	-3.292381212132389	5.538339052240724	-20.770698530887422
0.33466933867735466	-4.330664729267178	-13.353843079554963	-3.481513778094754	0.35582330023178144	-1.582339127410528	11.51603107150817	-20.833111805892464
0.3366733466933867	-13.043605237342826	-5.772937815580515	-5.520566917588863	8.925805310820767	-0.7590235148647193	16.21435865682929	-17.531225169046962
0.3386773547094188	-10.198906246975925	5.706165348512033	-2.425838117658438	12.259891782833044	-0.9775627334037477	11.887835957695033	-11.993344736670586
0.34068136272545085	0.3829359431463488	17.378557832662388	-0.6586177534620278	12.259979902308462	-1.725319433472317	2.075481147143819	-4.8386204026489095
0.3426853707414829	8.015044759484706	25.974864226008144	-4.641096075833443	15.1829210717727	0.0006596844808615873	-5.252563043225015	1.8133279907524809
0.344689378757515	6.310350651411283	32.164573092179495	-12.21839598438591	23.035170946418123	5.416386652815408	-8.732739554836606	5.874010300243385
0.34669338677354705	-1.499961476533842	36.870905472563024	-17.433507473732895	31.39733748551312	9.703407566304648	-11.779900648782942	7.714611143951562
0.3486973947895791	-7.9241711351751345	36.778158891871634	-16.061443696630555	35.39179709913939	8.771764341296409	-15.7978543967168	9.134930795053819
0.3507014028056112	-9.852995543339349	28.378426259884222	-8.406502775198087	32.652869760525014	5.677920729962892	-19.107264058957405	11.690736992121618
0.35270541082164325	-8.685414005970083	15.77437930772579	1.194628964612163	22.478688497575472	6.276484782374819	-18.757981450090476	15.565752284017393
0.3547094188376753	-5.707562694879756	9.19661688129778	7.810982165177709	7.25799911257916	12.55383669826653	-13.621834374285562	19.13930346525565
0.3567134268537074	-2.120794317187426	13.063559599742263	9.475807319157488	-6.8117790231328	20.742766503473916	-6.657279636935549	20.24383180942371
0.35871743486973945	0.5425971618669831	20.060266389022594	6.649896698173982	-14.114786186159407	24.058053147515057	-2.14971429786047	17.35894337683705
0.3607214428857715	1.8100118411767112	20.398105399723704	1.1965308509169295	-14.530698027474166	18.425809177138646	-1.4363601704548115	10.681992185685997
0.3627254509018036	0.2918485882359225	11.491278891077561	-2.216728075415961	-11.992054423115214	6.8527264194066415	-2.861662581398434	2.981379839947853
0.36472945891783565	-6.106693762355219	-3.0514422697609147	0.6343502915545601	-10.385696237831313	-3.0639306835349136	-4.095860470957437	-2.2439356562718347
0.3667334669338677	-13.385789094305128	-17.42103264727178	7.1801751033126555	-12.559587223701309	-6.269314823527466	-2.473304612799362	-3.4873532064675095
0.3687374749498998	-11.741648030394183	-26.518160640875177	10.937274748819606	-18.878654949726883	-3.997533208952707	4.202130176087605	-1.435445196635514
0.37074148296593185	2.2973814954756198	-28.768119363030536	9.603990973168827	-25.64675770041524	-1.9514642598489407	13.725478048859301	2.1766127253383756
0.3727454909819639	20.25599462851684	-25.44919500996171	5.844696580576822	-28.455026623836307	-3.8041073731385944	19.278005578013484	4.632384040030778
0.374749498997996	30.738533812471275	-19.039227737331355	3.363817114996	-26.197709710050294	-7.168317428440105	16.155748037309586	2.3379566692177964
0.37675350701402804	29.41752101692709	-13.001764385860838	4.140753877575583	-20.224263122520078	-9.237127778797111	6.787512419802569	-6.013202804386007
0.3787575150300601	20.072757385311277	-9.550030886518352	6.943893963275234	-11.865279043882488	-11.99618150976833	-1.4509988343458866	-16.36907594764191
0.3807615230460922	9.286124472179706	-7.764858473918557	8.864972795932683	-2.600062117385008	-18.622121307894563	-2.835042752707916	-23.438895697145306
0.38276553106212424	1.302558106267901	-5.048876000476819	8.592145083597087	4.863717706205902	-26.94031665731968	2.006445188278656	-26.345304740160326
0.38476953907815625	-3.142904141593379	-0.7057393486301968	6.2712408590817725	7.918261428462243	-28.97902520270281	8.696547653950464	-25.60170620447303
0.3867735470941883	-5.017720135134339	3.1343181817361963	1.7558110718990858	5.815352634660421	-19.74564089372491	13.797723771288931	-19.521009946948478
0.3887775551102204	-5.451690009913364	5.646542709987528	-4.809308538833641	0.26105785269154835	-3.6671081817731825	14.895239961275083	-8.405402485179922
0.39078156312625245	-6.539011495486474	7.930620369842365	-11.77772328493894	-4.4744557449569395	10.679193168153589	10.785580630845887	3.3983124596890653
0.3927855711422845	-10.42843894832944	9.772406340842744	-16.975385088118987	-4.036912915959835	18.996474096079503	3.731354642066181	11.848313174995559
0.3947895791583166	-15.918534738661785	10.14574930708167	-19.961987095120126	1.5125500367022828	22.24195169958996	-2.263860076735021	15.884342861526205
0.39679358717434865	-19.33548981432027	7.886860845949953	-21.23442648337943	6.8224999088823814	21.554694745112972	-6.604478686688019	16.378508563776652
0.3987975951903807	-18.292759601343292	2.101869690475289	-20.27016749026372	6.8519162928059565	16.538490486598846	-11.866180097054105	14.680970386101798
0.4008016032064128	-13.563290127857908	-4.680017695699012	-16.780686887895634	2.6131280051321255	8.80592809941641	-18.213731725039487	12.618666422919985
0.40280561122244485	-9.021338934781655	-7.56911968339188	-10.981993919938981	-0.7298351515650643	2.533052013955595	-22.429668886188615	12.322529891531538
0.4048096192384769	-8.145127377194175	-5.507150783347337	-2.618557806476035	-0.20238872971593147	0.5578643796376263	-21.1994911419664	14.40631279330136
0.406813627254509	-9.822521180810819	-3.0845060577195182	6.540900706994598	2.109975891803087	2.818812168274891	-13.301899913964029	17.46975558106147
0.40881763527054105	-9.376135878905687	-4.777771457156576	12.102089997260519	1.9086984726648468	7.846522111902518	-2.067029271813972	18.969888657639473
0.4108216432865731	-3.9429880103673187	-9.199351322503206	12.22959230411422	-1.7148372121207613	14.025676381696723	5.793408146329623	15.728950627364785
0.4128256513026052	3.299950498538012	-11.902533985349665	10.420451375697175	-5.444898948282205	19.45427438306799	7.089913534312515	6.108968461848902
0.41482965931863724	5.784277608597506	-11.816111822835547	11.120893297531076	-6.775342725940472	21.282308646024376	4.387491692645009	-7.283412845870951
0.4168336673346693	1.6689449608925426	-11.000373195066844	14.836326770629084	-6.188444057395985	16.800196909230703	0.9701838533332465	-19.01522158152007
0.4188376753507014	-2.811389006664221	-10.626721758615298	18.26845264409942	-5.2479228378912595	4.660107129209086	-2.5283264634480727	-25.055422694156572
0.42084168336673344	-0.6074336785751338	-9.986417918791197	18.03886849004762	-5.536330718718357	-12.878233513200534	-6.254286175492572	-24.528850186434397
0.4228456913827655	6.762610312750306	-8.113396718369438	15.541243661235043	-7.855923585815901	-27.218399673268312	-7.704110021810523	-19.1413914703985
0.4248496993987976	11.362752119785794	-5.8603687665715	15.504626326074861	-10.154096791344147	-29.921971742036003	-3.755671698370591	-12.37083125736237
0.42685370741482964	10.281600300578617	-5.391273408657439	17.43522253838544	-9.099618329758444	-22.220472077969603	4.04025173051334	-7.4219645465478985
0.4288577154308617	9.2281117505644	-6.22056015360153	15.676071297447441	-5.005377471627812	-12.18832801169709	11.297764749250698	-5.413532973680783
0.4308617234468938	12.838693597087127	-4.5448910920784185	8.776408161746621	-1.0437389698204973	-6.5699978641427155	15.526089563927851	-6.481940345799884
0.43286573146292584	17.221733288168735	0.9712815563882391	0.7875845597908194	0.8760682178185533	-7.578607177520341	15.731299970463887	-10.162594613949965
0.4348697394789579	15.08894455275929	6.226691909129446	-5.537034523588859	1.2409776965901684	-12.788917912861452	10.94628610547732	-13.802249671937105
0.4368737474949899	5.242814604788074	7.379444073622394	-9.729193660624428	2.2270719292652013	-17.384576095762785	0.995905180205803	-14.462643776672722
0.438877755511022	-4.886828898071229	6.352337742794446	-9.768588682964735	4.762511357185739	-17.783220663319437	-11.072254906270434	-11.561481759866426
0.44088176352705405	-8.310110609283026	7.5829652839085915	-4.103633243903032	6.948224748234043	-13.404385825961114	-18.36713081458205	-5.788503381973279
0.4428857715430861	-7.6555977929277255	11.12934414425033	3.7320267122043114	7.666719729851463	-6.04530688455703	-15.728578815971359	1.2218566304806255
0.4448897795591182	-10.066606933855095	12.530735915251078	6.809582280222332	8.442253379608431	2.1153071272245554	-6.195072589354934	6.751560088175174
0.44689378757515025	-17.239127672001995	9.410482915338704	1.437436679912095	10.47882819839645	10.539871110155651	1.380709378249492	9.25583779442802
0.4488977955911823	-24.12665814208314	4.855833254070794	-8.543608162454401	13.462131513860566	19.12275948539073	0.8829316077638947	9.518521879951358
0.4509018036072144	-24.149390184387585	3.1736241825600233	-15.90408816443917	16.429781000792087	25.698508647081525	-6.905529578669502	9.663060437531385
0.45290581162324645	-15.298660282777245	4.513106922472946	-18.122867170742015	16.507277946212593	28.038575340835486	-16.910669899440393	11.330560932474823
0.4549098196392785	-2.565839781066184	5.477712047508768	-17.866103740837936	10.054912727408462	26.0560873452818	-24.51835612953041	13.820634492348127
0.4569138276553106	5.924788160851204	3.527836708275946	-16.334122249595957	-0.8354584639950391	20.51805418928084	-27.522164342742492	15.060760964346796
0.45891783567134264	5.50972586577387	-0.53606221811457	-11.023338416943304	-7.965754235374699	13.329160173602546	-24.952654411299626	13.343265051272727
0.4609218436873747	-1.0537433387138022	-2.4869605125313106	-0.6784346189573908	-6.493411794837666	7.153990254138369	-16.956087402478982	7.38846046692835
0.4629258517034068	-5.594260369851794	1.2350182002112071	10.99534222627103	0.9606495655824003	1.421307071028918	-5.883124155770027	-1.9459399420291092
0.46492985971943884	-1.9555290671015704	7.582121882350167	17.351389442894938	8.817109898808907	-6.224131583166764	4.353823549582495	-11.552338947357933
0.4669338677354709	9.557550539130899	9.904103467764823	13.990205897678953	11.181966980010172	-13.440675032313791	11.314695519795139	-19.12114187510931
0.468937875751503	23.98140646890194	6.404961685392483	3.9817700920219896	4.394647614638968	-14.750514475617415	16.107047414888473	-22.65496532902227
0.47094188376753504	33.233525227050976	0.5515943136003092	-2.5884610561639607	-8.32410557776691	-10.010928960521719	20.695429872260167	-20.082376235200467
0.4729458917835671	31.30581232075648	-4.385701579994507	1.6085121662873625	-18.409852116706038	-6.43813616855814	24.237321859770763	-12.738895478843377
0.4749498997995992	23.13420472396846	-7.52310350214434	12.808583373747659	-20.159507540515154	-10.084290031362281	23.94997373430387	-5.621161443406244
0.47695390781563124	19.50136244004014	-8.616620946102788	20.790992882643557	-14.643254095613365	-18.46868775980092	18.406950972095522	-3.7674090174747183
0.4789579158316633	22.19401543646734	-6.255138033455403	19.130327018902232	-5.454444861305435	-24.928420301835832	9.344427551096688	-8.158732618296568
0.48096192384769537	23.724929400968392	0.49965697853727886	8.387827396066902	3.8679604783261734	-26.225939934820982	1.2899908405143512	-13.868612990187614
0.48296593186372744	18.73046251675933	8.048365882956949	-6.208786207222944	8.576947910892946	-22.43109640413432	-1.54242772167857	-14.456363674751929
0.4849699398797595	8.420169931730767	9.704025126969476	-16.995356757697323	5.991959247673796	-15.04441566661227	1.2882985459287737	-7.487369111272188
0.48697394789579157	-2.2383770395036833	4.342557344504292	-18.276983478215847	0.13448558556929396	-8.274953539238163	6.729752311747998	4.896424330490141
0.4889779559118236	-7.794459986962315	-1.2295940963015706	-11.668520896475062	-1.2019918812316392	-6.308723749632557	10.911120121595818	17.831692989525095
0.49098196392785565	-6.657777017616784	-1.1616251219443148	-5.2224005468347565	5.271162139554987	-7.209610658156919	11.377875477834884	26.016736614616665
0.4929859719438877	-3.9833644374160815	3.5402980029263427	-5.279207262637869	14.650843058477996	-3.6012607466783284	7.889262327328385	26.753098478035334
0.4949899799599198	-6.830596993141935	7.903558283374893	-10.632713757035738	19.292717163335762	8.510457385129225	2.424046066791341	22.41770162935083
0.49699398797595185	-15.81610962806901	8.109041291508944	-15.964525455667571	15.845281766314086	24.247059709253257	-2.2061657787453743	17.61967780640893
0.4989979959919839	-23.75616693582183	5.140033285766058	-17.106405747024418	6.953001375119577	35.268187946802016	-5.375287917906203	13.106395024691526
0.501002004008016	-22.642954021199373	3.2444884200040276	-12.692271740002662	-0.7268091635875253	37.13029956422268	-8.61113800822558	6.817701690825685
0.503006012024048	-11.511176420733976	4.808200134360775	-5.1420843778052125	-2.0802531791858794	30.74529969853007	-12.53323195881684	-0.34054280031187395
0.5050100200400801	1.9151630414300667	8.457934037080006	1.0004595879736162	0.9004214428988389	21.17516943890557	-15.539326406502298	-4.587573792936818
0.5070140280561122	7.949533663056681	10.205179736159408	4.312884354065524	2.7398810780866576	13.439990519630902	-15.378788024209298	-4.027349027364147
0.5090180360721442	3.623446970869326	7.5484747180739555	7.180853237293154	1.7040425973858342	7.408022112445536	-11.21288648423136	-0.6175036881274079
0.5110220440881763	-6.466009691908796	3.6843641112747525	10.11849280747611	-0.7892411350222892	1.3158285984229248	-4.492307336934822	2.6820107501036383
0.5130260521042084	-15.151481909553997	2.3771535770923107	10.55822592885689	-3.5158640164735706	-2.5821081930929943	0.7270414387837685	5.43797309063608
0.5150300601202404	-17.000858814813313	1.2484597120101413	8.22949224490388	-5.762936340763039	-2.217694275986448	0.19250157871550905	9.080659650347478
0.5170340681362725	-11.183598202409103	-3.5677610073100006	6.725319175531802	-7.363699825943508	0.374758731113889	-6.348466746631878	12.785746679654654
0.5190380761523046	-1.320813685133936	-11.229094386407745	8.736859519594177	-8.678756880791356	2.234847999759753	-14.334428137119014	13.121361425721062
0.5210420841683366	7.321442291407473	-17.768625865172496	12.458651987073713	-10.389303025024413	0.9407888953794817	-16.31343502375533	9.865391487100261
0.5230460921843687	11.012279415921737	-19.888976794275006	13.315662355712595	-13.000961767017445	-5.022165922739369	-6.614383476857652	7.006184575978799
0.5250501002004008	9.454452196985498	-17.220995855523952	9.482588509590196	-15.019369289214213	-14.000455158788158	11.029586815768717	4.795960082037659
0.5270541082164328	5.310790454993145	-11.793399363226058	5.420960851500362	-13.621828745277272	-21.755461455424832	23.520046579601388	-2.453692526907083
0.5290581162324649	1.991091222320256	-5.72297650041327	5.637012437524581	-8.977891405740282	-24.853200635649852	21.706988355740638	-17.059016560179362
0.531062124248497	1.017473816176143	-1.7477852750111171	6.247438866513675	-4.2932389555546	-22.668408838303815	10.609123019397332	-31.453972212314763
0.533066132264529	1.711028080753199	-2.577341258181275	-0.2947081897572884	-1.4754154827531603	-16.59607139542672	1.242672183953033	-35.562446697512094
0.5350701402805611	2.387798993452432	-5.8023821793923025	-14.707352241236796	-1.2641253782225788	-9.123269656165338	-2.356210215495646	-27.69696273909009
0.5370741482965932	1.083608914732626	-5.352328258043804	-29.87085430295717	-4.00115774711162	-4.200312306112538	-2.061830592468178	-13.480352589454721
0.5390781563126252	-2.988276214368345	-1.1627414189938345	-36.78832848070186	-6.883953748850795	-4.400244090179134	0.8937039756043126	0.610755910520864
0.5410821643286573	-8.445915075821791	-0.30522212389269643	-30.421796169581242	-6.038113260377882	-6.865165702935407	5.667135108411796	9.501858193581645
0.5430861723446894	-11.705151680434165	-5.444970136275832	-13.963270771900293	-1.394628796374768	-5.960228122551655	9.663714357457632	12.001523040328697
0.5450901803607214	-9.344706333441497	-9.153260644101477	1.995143531712563	4.846013555892824	0.28593057441764597	9.353405605992606	11.0735076705996
0.5470941883767535	-3.7160490461757294	-3.4286363992852396	7.723358767205732	12.030124098883576	8.348717483287388	3.7845476038012595	8.417039710348313
0.5490981963927856	-1.6356145866807075	10.455414008644519	2.2139145005691785	19.927461067569784	13.466207845949745	-3.1783676299666404	3.539710121524693
0.5511022044088176	-4.8333632492378635	24.223471564004733	-8.393356119204158	26.365684877658673	13.901628495739885	-7.1401586235432895	0.11058685782093108
0.5531062124248497	-8.287981487629368	30.114736320738942	-16.454729918618845	28.58296613749774	11.014928094021812	-8.725552242421635	4.0542587096948965
0.5551102204408818	-7.5887929188428975	25.26191987177505	-15.278468617687247	26.239907933617634	7.4541972590368015	-11.288285269704602	12.708862490353809
0.5571142284569138	-2.1813081237032477	13.246164458746946	-4.095944592555747	21.540191159278585	5.439701040398411	-14.635527405504028	16.390822353286516
0.5591182364729459	4.959858796598716	1.6190146044032183	8.009668527558704	15.018045324072743	6.1325341777553	-14.742386482431355	11.571675060499386
0.561122244488978	8.108885205034012	-4.410419792255953	10.99306040516847	3.8943513639309497	9.37363657497044	-8.854792520010541	3.4841570427332273
0.56312625250501	4.164188468637189	-5.944831996494684	5.193225440817954	-12.10528753550812	12.506259766634647	1.513778209933543	-3.3210297225066148
0.565130260521042	-3.338181100734294	-8.096970543694372	-0.49166746082215285	-26.27536915596549	11.091155134604591	11.932736588253213	-9.143022111731536
0.567134268537074	-8.24142884906515	-13.730711922748968	1.6841716054744165	-30.740473536326608	3.089161226305808	17.74102909792636	-14.016531201519104
0.5691382765531061	-7.502089929477713	-20.13336723318026	11.021567987883648	-25.29607165320484	-8.328242892693522	17.115521370778826	-15.598659245884715
0.5711422845691382	-2.005305974904793	-22.428178921526605	18.95972182733503	-15.73538874734978	-17.234016407885168	12.66167813745134	-13.0518123574699
0.5731462925851702	5.881793495638569	-19.052918410104027	19.024261154619467	-6.443638647571904	-19.884313786658876	8.297670186683733	-8.131126831223664
0.5751503006012023	11.856307985430526	-12.893815120189482	13.538469763522533	-0.3697736384687309	-17.114096055678043	6.336246906877401	-3.399288445623156
0.5771543086172344	10.778890445622018	-8.267929928181042	8.327379390853352	-0.8809785368497929	-11.942560850570468	6.9236213398789275	-1.4377702183145484
0.5791583166332664	4.465364577085523	-7.408783541715089	6.361505013212187	-7.504193277172828	-7.197501832293771	7.479143107110499	-2.568451028411026
0.5811623246492985	0.24677419339144224	-8.565210721852482	6.2977432256313355	-13.778496538119677	-5.040077107977076	6.6106295196348075	-3.5974113214960957
0.5831663326653306	-0.5810272481585934	-8.247301711330167	4.345220382783096	-13.2318344368543	-4.7260910099852005	6.651216285152337	-1.2764952200606843
0.5851703406813626	-2.1434014724516506	-5.409936546081037	-0.8140052666302479	-5.541137036228351	-3.8158901455908087	7.4916311895383885	3.8784111240132573
0.5871743486973947	-5.161045886402123	-1.99762871740283	-6.904693065830925	3.7352388999579826	-2.597503654773553	4.9862166330065065	7.857002335563025
0.5891783567134268	-6.488929787751933	-0.032759446411946724	-11.82365425924357	8.184685619715118	-2.892006280111542	-1.681199990275127	7.732746328383874
0.5911823647294588	-4.754548630817961	0.7094406322497083	-14.40460791154314	7.09432149454927	-4.491791446459423	-7.658181600674144	5.06837118210125
0.5931863727454909	-3.1949615872374273	1.8180675461441014	-13.435177113293145	6.198531180528516	-4.052463697829975	-8.256651739703882	3.3064168517296855
0.595190380761523	-5.033789113009192	5.285021761694794	-10.053989391726649	10.304878492234561	3.2298859327884837	-3.903635032903635	3.7252947517716395
0.597194388777555	-8.42487188730358	12.618445621177703	-8.238783924536614	17.209279982030314	18.07499385180076	1.112502513326968	5.149115321030325
0.5991983967935871	-9.006300477727608	20.662508936520496	-9.332107956487691	18.563255636525707	34.05711468847855	3.2270502914016044	5.786819244559923
0.6012024048096192	-4.999041581407742	21.3236980441888	-10.101000754683778	8.716604937280799	42.32165460206411	1.7279078362326479	4.990816626170379
0.6032064128256512	0.34410843798669477	9.69182362099886	-7.802721081156874	-6.301599763215579	37.97626583995713	-2.54981535365585	4.330687603792524
0.6052104208416833	1.4473409089287068	-8.64461882501445	-2.1777636612321785	-14.930504023504135	23.37178444854898	-7.555565602664524	6.0864616094162765
0.6072144288577154	-1.9286289925519484	-20.812820872465522	5.513803294806091	-13.093406691878464	7.923569808093168	-9.769192266421431	10.634629020454787
0.6092184368737474	-3.821158724834223	-18.275104891324474	11.518034035646595	-5.231124625265103	0.7754403159688078	-8.344744854174223	16.254897565363855
0.6112224448897795	-1.0208138733257335	-3.7817013792013947	11.302648019530825	2.3651433803696413	2.022432114584491	-7.431747675552927	20.101343914084495
0.6132264529058116	4.168780712627541	12.147827716491683	4.782254379368596	5.652415857303335	4.975941521319781	-9.812802156842743	18.815863048037603
0.6152304609218436	9.973630303955899	19.032033017837872	-1.043670295254095	4.045496689672145	4.807796480415901	-12.596873089015503	10.546197743297936
0.6172344689378757	15.566501665054819	12.637370292597529	2.0008302060948115	-0.07302202497040809	1.3319669223363433	-11.838079515061885	-1.5168078767378443
0.6192384769539078	17.62935351595027	-2.044973972446571	13.266777442549898	-4.004788271125767	-3.3347576939990007	-7.158331894395772	-10.336564583855695
0.6212424849699398	14.59128195249127	-13.68057670043845	23.438863972877584	-7.186079473620888	-6.005938233568262	-1.1280471356882467	-13.12631809205618
0.6232464929859719	10.614238829084014	-14.978752048841352	25.213440448557833	-9.50442458261051	-4.192632899982655	3.794597874315439	-13.572066577218827
0.625250501002004	10.397978535624382	-9.147733261370533	20.227484757186527	-10.052526551390594	0.192071812991864	7.375571592024576	-13.174875279593396
0.627254509018036	14.589307629419116	-2.4205163051232086	15.54090765559431	-10.00451702687511	1.2779997942690788	10.61804953290715	-8.926766505004064
0.6292585170340681	19.619860025523565	3.544614207251887	14.83513599892614	-11.938895025947305	-4.5344721509052235	12.385315565560987	-2.029806868357599
0.6312625250501002	19.05206490284749	7.408504000106942	14.121384876207676	-14.77925140913334	-14.112002944361006	9.82359349785803	0.9561277124456431
0.6332665330661322	10.343633871368375	5.5146142829313805	7.616347412209854	-14.118034447120026	-21.034399706802883	4.7241172295572245	-3.425120155625827
0.6352705410821643	0.0037147119286076724	-0.7950751758878389	-3.964683330835683	-8.075422254357678	-21.231815396856334	3.523299570455963	-12.829876600794124
0.6372745490981964	-3.523051270604126	-2.841727475446553	-13.458790870521629	0.5068283255479409	-14.040183832952266	7.72528715537449	-22.08330971055555
0.6392785571142284	0.38813445179541844	4.456767756628502	-15.350287595658468	7.491720118435255	-2.332541331754897	11.732210401488262	-24.708450216255855
0.6412825651302605	5.133180397585108	14.193894805164055	-12.404727844629699	11.409093024631002	7.563252025133279	11.228154315562628	-16.055333315995718
0.6432865731462926	4.747500710946855	16.496728518129423	-10.361925586556254	14.44313350169379	10.14476690021159	7.375305415932262	1.919309384347792
0.6452905811623246	-1.130260364354084	11.9108109742277	-9.141098454066128	19.78720162807858	6.219420749942238	3.4469033793058035	20.672949543580337
0.6472945891783567	-9.181625470573445	8.834624323281838	-7.215732945606242	27.069248901254547	2.031089269836151	-0.27844042636865396	30.345508107627424
0.6492985971943888	-16.671597608461003	12.338634961677686	-7.448472155539023	30.554168019053588	2.263037683361915	-7.905189164815234	26.49702721319772
0.6513026052104208	-22.869064839974925	20.334177049218297	-11.107611079330185	25.430972538522994	5.93686875151236	-19.969308135275426	14.322758136015999
0.6533066132264529	-26.679829497483155	26.254705867540494	-13.850957311881778	16.270980528169435	8.955304389944523	-27.841494972230016	3.887050971883842
0.655310621242485	-25.142256680001665	24.857289324851095	-11.142174171572018	12.160115923479479	8.44906185845525	-24.415430269795515	-0.052546060823995266
0.657314629258517	-17.166941157578847	17.25359705644307	-4.699567372844634	12.922206875821699	4.273640384210239	-14.14835641560024	0.7316472931945806
0.6593186372745491	-6.6954233190198815	7.7235460397004845	-1.4050897403980023	10.071920575768935	-0.8563862295335983	-6.636819164364404	3.621683989379942
0.6613226452905812	1.0032379544071177	-2.5625379535966415	-3.9754026173433643	1.137477855961741	-2.447828097125829	-6.411621784824847	6.092826259572154
0.6633266533066132	4.311007125580988	-13.43311659016744	-6.380140727529288	-7.175185912824736	0.6402606978968898	-10.765189179162858	5.642621697873227
0.6653306613226453	4.047022862122404	-20.205037199280667	-1.5154518073395231	-9.253097035840407	4.051113056353067	-12.36492949142478	2.0653222819596335
0.6673346693386772	0.589913154840437	-17.08691926932653	9.769437815140211	-6.623388917886864	3.3478303038308073	-4.7314009232716625	-2.9762654676681093
0.6693386773547093	-3.5483176381800727	-5.429546704273009	19.941248335084676	-3.703104701305314	-1.777584412550525	10.475086504186086	-7.703476803121808
0.6713426853707414	-3.103987909797588	5.560196361394355	23.308392099131844	-2.450729781625439	-8.980269765255661	23.464207525144335	-11.005464341509867
0.6733466933867734	2.185642397297775	6.307199680577168	19.52249048286825	-3.4850699317677947	-16.468852175292557	26.10012677647696	-13.79220882105115
0.6753507014028055	5.648563040444674	-5.172320468933317	10.592313221361556	-7.7621279643487	-23.777564449058612	19.52966066889282	-18.21285695693104
0.6773547094188376	4.300896028176628	-20.86272248785587	-0.560709168720494	-13.798160574808216	-29.28304545170715	10.884431992743574	-24.486677057742295
0.6793587174348696	3.368460634189312	-29.144636580883724	-9.912409533920124	-17.390091744554205	-29.656202014539854	5.476843844895869	-29.629999085877557
0.6813627254509017	7.300481238502885	-25.329585662776292	-13.81474225100645	-15.125106141342425	-24.31228652704335	3.9848312017388245	-29.257941298595377
0.6833667334669338	13.131587776228757	-14.25384233541682	-11.390532459225783	-7.164595252801947	-17.650089272721328	3.565018663770001	-22.668732844588956
0.6853707414829658	14.651901703630541	-3.116844446009467	-5.717175333114903	0.503320673207339	-14.026588474438237	0.9737378781074943	-14.696731421215059
0.6873747494989979	9.409788482185276	4.209551893252297	-1.0789266809159872	-0.250820178665107	-12.85892856486421	-2.785707825754388	-9.367240741430631
0.68937875751503	0.7884219601089275	6.829943750673773	1.276639640602029	-9.219311070260304	-10.718401819972266	-3.7496003226046195	-5.914460806753584
0.691382765531062	-5.300684715847244	5.873852659872784	0.6986864161603923	-16.56881664578241	-6.0344024760058375	-1.3047048782686923	-2.2136592897894873
0.6933867735470941	-6.416489431157921	3.944716730313833	-6.74764535373093	-14.590280302088182	0.07960721354966935	0.5391473470089779	2.189899850796597
0.6953907815631262	-5.6413922733415385	3.2169436005538854	-21.1872147549383	-4.060771545070695	5.608082531774071	-2.7496971419801484	6.246936034338506
0.6973947895791582	-7.3417794507482625	4.488791409086233	-33.148127867241534	10.774922815682011	8.648383575843921	-10.807998485896361	9.40806083644123
0.6993987975951903	-13.000446704495447	6.972551820682422	-32.99456034136214	24.532463909013366	8.887590029673007	-16.900613958238228	13.152261716585114
0.7014028056112224	-18.88342202000168	8.551381645594855	-21.034524469726968	29.31398959011093	8.950445679645405	-15.340464136667485	17.95228849135735
0.7034068136272544	-18.258621383306203	8.11121367798878	-6.080145629861593	20.74093287661669	11.498513515696677	-8.997333706258509	20.387788926858764
0.7054108216432865	-10.351284075590344	6.7893856378843	3.021779358488019	3.7503621218651215	14.642936357717849	-4.912866891101002	16.777664345573815
0.7074148296593186	-2.6360560716124897	6.089310717232244	5.369969281611257	-12.348605853943258	13.729946790822757	-4.006033592451681	7.804258539999741
0.7094188376753506	-1.4926774497555804	5.692453290592815	6.355503483511337	-20.345794389112168	8.20537066149798	-1.1340613523091567	-1.3699062830797726
0.7114228456913827	-5.627325119170453	4.163768173512113	9.165727985431431	-17.934800175232205	3.263562637465213	4.626371522218019	-4.9132974376467295
0.7134268537074148	-8.318640310974102	1.8264664697581374	12.999756734884931	-9.375504907648592	3.295162488971149	7.368641548954763	-1.899476544634463
0.7154308617234468	-4.0175180664659615	1.0013995853841788	16.787444032021625	-2.6443986607779753	6.450066471428627	3.167501995693648	2.977895448513997
0.7174348697394789	6.545024343775258	2.3986830487767987	20.186880863496597	-3.1122017561704283	7.940247572823166	-4.564491899850081	5.5802548486555255
0.719438877755511	18.233144947893116	2.724035907753719	22.965640854811014	-8.976580724988594	6.084972119323034	-8.301206651796319	5.3413947359541405
0.721442885771543	25.466069138927722	-1.1519235243448918	24.96937912464587	-12.822831937802258	3.0708628067594144	-2.9414377212946317	2.6796222963524974
0.7234468937875751	23.355528914640146	-7.178532314455795	25.429517099885423	-9.76505829480191	1.069919418524797	8.516363850255448	-0.6123645440861936
0.7254509018036072	11.33550815339761	-12.091969566043767	22.066239882299918	-2.3252067144951756	-1.534983840386705	16.676484636230423	-0.8007662595730787
0.7274549098196392	-3.812987625710066	-16.161585897744732	13.620543207243756	3.531412522858325	-7.2834999439660635	14.969898788174952	2.389079968496285
0.7294589178356713	-13.062724829750985	-19.55128848463381	3.0284550074856385	4.6744699318003775	-13.642769739305773	5.630717201416362	3.098576308685456
0.7314629258517034	-12.288708045194904	-19.32056403627537	-5.226358550870926	2.875351291672983	-15.611456671384461	-3.4938183312417443	-3.4326962528070046
0.7334669338677354	-3.8877500149530007	-13.340991624186424	-8.234260343983792	1.5727856488991865	-11.373219653957406	-7.533090350409216	-13.535193043607045
0.7354709418837675	5.502730497029975	-5.068169698497523	-4.915790387172344	2.630324632681596	-1.2309584428403828	-9.315366215497257	-18.99809151548785
0.7374749498997996	8.89822317255998	-0.3745207976555178	1.2767737297122612	6.044014083420581	12.262729397458793	-12.79213792552	-16.326878983174634
0.7394789579158316	3.677419815328595	0.9148578725672023	2.9999615377279087	9.804742013344534	21.188744400685753	-15.132802442264257	-8.723056535209302
0.7414829659318637	-6.018222523202412	4.738214480210099	-3.4587157723282878	11.343751327984837	18.21990036082626	-11.66543143693108	-1.6927313411504552
0.7434869739478958	-11.650360589781513	13.968410252404455	-13.545812600282146	10.006421819380597	6.966504445794859	-3.97458035582172	1.598651558852654
0.7454909819639278	-7.408613909723865	24.256241036212174	-18.650484154830693	6.175042495305341	-1.9440602049454676	3.462425954474911	3.758249554013136
0.7474949899799599	2.5875051976057972	28.39092018428257	-15.59505009832838	-0.05044793355644317	-3.9440615852293015	8.92595472463459	9.42499600342773
0.749498997995992	7.1258801075923	23.79274522039229	-9.305472344629914	-7.22514784036497	-1.8866172595366426	10.904657568344724	16.618992267165748
0.751503006012024	0.6414641194024342	14.80169850602148	-5.453528986052626	-11.958892767212403	2.2277522569397976	6.711100461325167	19.528576230342217
0.7535070140280561	-9.61857062921848	7.013622629806348	-5.137254523607258	-11.73290129158492	9.050942692814258	-2.9666237969448943	18.810473863896306
0.7555110220440882	-12.06090624106994	1.965846960582659	-5.802498625831302	-6.882146535860379	17.337316806652318	-12.682855442346108	19.429143031016764
0.7575150300601202	-4.625486130790017	-1.6558500598182782	-4.462286161468097	-0.2008808717218804	23.52541303064774	-16.092641378550073	21.54531473310628
0.7595190380761523	4.504865575663035	-4.40717466955322	-0.7598600604856832	3.9462392877673227	24.864736409738427	-10.428138997279255	21.56900465952036
0.7615230460921844	8.662913629603237	-5.883940806315633	3.4354098589443898	3.4308959978281734	20.420021995157654	1.0742287679384595	18.01625581497496
0.7635270541082164	8.712797588056024	-6.59607505310012	7.300618381723134	1.7514452859479765	11.811348726644496	12.652714975694034	11.703374655600213
0.7655310621242485	7.507567903245903	-7.747648019940102	11.196557967797828	3.410958135012711	2.884831126085215	21.496872634135613	4.791724757399419
0.7675350701402806	5.204290609344496	-10.409787224137249	13.005103348532895	7.124300425807045	-3.850700794480162	25.826487892577966	0.5960376560240401
0.7695390781563125	3.1277686474393644	-15.463365290758434	8.54482691505236	6.799718130720306	-8.945711119520203	22.844809096117633	0.401766871877771
0.7715430861723446	5.969349277939439	-22.32041424942069	-1.100289785710316	-1.3076332904698964	-13.590970868560788	14.588010648618225	1.9666660052935623
0.7735470941883766	14.849118270357467	-27.83292553427283	-6.693684805289593	-13.812571872780593	-16.8457412133401	8.892804289191234	2.76510583352022
0.7755511022044087	22.84947057411665	-27.367783540522694	-0.8548736307684232	-22.506028555540816	-16.65526271677862	9.732286815299517	2.3406646816589243
0.7775551102204408	22.110884634007675	-18.49662797398686	11.982045698016433	-20.949186576687016	-13.387568067381133	12.327713860764073	1.3553231659233294
0.7795591182364728	12.9252687242231	-5.310155686740402	20.136147005625602	-9.926661068535317	-10.01359871693216	11.177727868303892	0.7285408266102225
0.7815631262525049	2.9093410226083436	3.9087179463370907	17.186289523674553	3.3135627241395085	-8.177145767291037	7.885232454609872	1.5527609077812186
0.783567134268537	-1.6550007236997266	4.50067717065063	6.529123091025318	11.989250188569464	-5.475629359100779	6.324090642790345	3.435945207497722
0.785571142284569	-2.1055262420847973	-1.572384098070384	-4.571973359815487	14.369687077401109	0.34907699362142136	4.676718107480633	2.733648665475344
0.7875751503006011	-5.046016187819145	-7.789381796347544	-9.501916122495611	11.421835110311148	4.973481445555176	-0.3445451545880454	-4.033167737700697
0.7895791583166332	-12.889255614795118	-6.797357974052638	-4.925215351742929	4.879098106606023	0.9962274846279722	-5.832833690707844	-13.314811374339389
0.7915831663326652	-19.286112982988495	3.1017833540086963	3.3678670387398832	-0.6809681940918575	-11.419550958721127	-7.149626854180886	-16.015817053778065
0.7935871743486973	-17.55727805296408	15.565888770764595	4.039158082520816	-0.15566082888020083	-22.140307495139627	-5.492416519166035	-7.901182466726033
0.7955911823647294	-9.061006781086137	22.547378750221213	-5.439239314674752	6.320159961287914	-21.225419071303847	-5.437595406004467	5.441873146562618
0.7975951903807614	-0.09746302643623168	20.940557424275916	-16.031120490876926	14.757459875596982	-9.288780180417811	-8.254324091046652	13.219536615353544
0.7995991983967935	4.562951932082349	13.31040504684295	-20.080949348031787	21.05745084998858	4.765551403688443	-11.727936065531068	8.330424059777043
0.8016032064128256	3.542357420585191	3.742692207422265	-19.114423648718205	21.1751692872184	14.764242098874849	-14.294826373546213	-4.573856449689287
0.8036072144288576	-1.0731305804622617	-4.589629166310041	-18.486641156645238	14.701041485771292	20.605153044924137	-14.829698612083702	-12.025185510886377
0.8056112224448897	-3.660380022853085	-7.8246773259195	-20.12539333996937	7.04864853799095	21.8667791618488	-11.571941041160313	-6.626857404351948
0.8076152304609218	0.1026630590702902	-4.04713936435892	-21.303000465848832	2.5455725030331333	16.724736633844362	-4.896488125616129	3.8496768902417804
0.8096192384769538	7.480316980989049	2.6535128134287023	-18.959446091172357	-0.11150440892084584	7.101736345578502	2.015104227344489	6.222305360145326
0.8116232464929859	11.863713600557276	6.652113391181696	-14.090905539308588	-2.9571229923477738	-1.0485144422657204	5.702711003562227	-2.172951929787886
0.813627254509018	9.596450666718999	6.311689914584714	-9.310184407891379	-4.828037074027993	-3.02789520898051	3.988584379865845	-12.490151180943899
0.81563126252505	3.2769653324390053	1.759492195956445	-3.911920735051113	-4.554045557916526	0.11687361588972106	-2.5770489790180715	-15.914412869071725
0.8176352705410821	0.8487541891565091	-7.120233411397497	4.0840995999330305	-4.106481891639097	2.7144613130659256	-9.977931592245707	-10.869604011569352
0.8196392785571142	6.443282074378169	-17.228744816185344	13.86882221015118	-6.242690079359301	0.3158278580801866	-13.928719193496695	-2.773040551929557
0.8216432865731462	13.105372020232796	-22.715593129807413	23.115280647082315	-10.295391598667202	-6.250580185009965	-12.708827564331115	-0.6003144883241902
0.8236472945891783	12.427744083552815	-21.95809706706825	29.489209513939095	-12.371574297940102	-11.891001971770265	-5.9880171690930535	-9.403731326017542
0.8256513026052104	5.979710269001864	-18.56048060015358	30.026420081710164	-10.975406247834941	-11.103523106624806	4.877756243950374	-24.066057296483542
0.8276553106212424	0.9543650541680493	-14.231768724818025	23.645820856860425	-9.337215718678289	-2.904196778866679	14.857592192439066	-33.50023717698321
0.8296593186372745	0.7569388299756077	-6.787527540301734	14.645621178428343	-9.251518452324525	7.0235711956471985	17.93737247744495	-31.9362636702277
0.8316633266533066	2.395775904268063	3.094780828245459	9.275225888505204	-7.892757313497821	10.962936438998339	12.787326718983415	-23.633056041415497
0.8336673346693386	0.4580886448018818	9.08777092019652	8.55116003737968	-4.805206958012571	5.7544387498263045	3.941200594901405	-16.013498312464787
0.8356713426853707	-6.01621760992762	7.079842421342971	7.851057601908827	-3.895452620933046	-4.941795543509565	-1.6979973914198856	-12.175071157889118
0.8376753507014028	-12.280021864619444	1.0170092632157808	3.2172109425055653	-4.766300810388044	-13.385864817233104	-0.18601182758873397	-10.452941248056876
0.8396793587174348	-14.731588625278876	-1.988526877325645	-4.649003994568287	-2.1834982333187014	-14.050199758936003	4.206545012046239	-8.178640414396817
0.8416833667334669	-14.922187965779203	1.9368777600658895	-12.09595052071508	4.6647649234874375	-8.069488968268596	2.9785380455350268	-5.698385702145212
0.843687374749499	-16.20415089430986	11.009940442019392	-15.368092702750012	10.853730302383639	-1.8099919058349223	-5.283867115840533	-4.91762461131984
0.845691382765531	-20.231483864674072	17.886005491333968	-12.1459945391373	13.020933814399346	-0.8170989325678967	-13.744769988640341	-4.327093291168851
0.8476953907815631	-25.508461086416105	16.363889570471244	-4.14959546951311	13.216435575302363	-4.166342839986221	-16.551272543362465	0.5403108859412534
0.8496993987975952	-27.344049462472025	9.497120166693875	2.277369190321535	14.408451303916307	-7.392658275977851	-14.527738666427494	12.709178978439013
0.8517034068136272	-22.180096407801855	5.632387159615468	1.8156282621722402	14.773424664875717	-8.161821179312277	-11.961690102204365	28.9924119809266
0.8537074148296593	-12.274041722340723	8.085178008758099	-5.2070245910973165	10.570062019742998	-4.152302437563094	-10.971859534620044	38.847679827426134
0.8557114228456913	-3.677847955930049	13.383131071094269	-13.912512433021805	2.8641119037158713	6.178504883041489	-11.293931198239484	34.29125540941081
0.8577154308617234	0.19745527677552538	16.641676457939585	-17.756215513362903	-3.4592085936526225	16.90427088213885	-11.894604758017834	19.313654957602715
0.8597194388777555	1.6108282560008282	15.291140028685476	-13.290483797873657	-5.9606775265331375	18.8952929304798	-11.641708243041357	4.0720761744043665
0.8617234468937875	3.4028147380984515	10.717314570232318	-3.771848801488113	-6.071956173756163	10.975363050222844	-10.26173716034713	-3.7207568482636644
0.8637274549098196	3.9622006715235565	7.099507724601662	3.8210747605418782	-5.328024797572768	-0.3334960048420634	-6.754951022318727	-0.6946079599404691
0.8657314629258517	1.122333089821821	5.483296831096294	4.985992401725045	-3.9500803812234953	-8.351100247243636	0.3109369503520513	9.687284384773966
0.8677354709418837	-3.2953331731014814	3.0199159918987233	1.1478983985430724	-3.26595005461194	-9.924231403428722	8.373509005987419	17.581206740808156
0.8697394789579158	-5.3715021914462335	-0.2833977132236736	-2.07791716238482	-5.100599304486444	-6.360507005862887	12.226911123872902	14.891611354940046
0.8717434869739479	-2.388869518315244	-2.5983251286801017	0.5569297146735762	-7.864075571966362	-1.3398693862863955	11.245519124713711	1.949547943976232
0.8737474949899798	5.117768301830213	-5.425267524378593	9.550790357028783	-7.855087801486848	3.173772854335343	10.366227583054432	-13.242703366958729
0.8757515030060119	12.464652407825124	-8.371071821533626	18.48329431140877	-4.222026708803682	6.673864789575699	12.727627335668972	-21.401377426203684
0.877755511022044	14.074868793324454	-6.909787023573659	19.086134083617004	0.9756189918416511	8.79716937325032	16.224285479601445	-19.798349202017047
0.879759519038076	9.559292519634196	-1.4476350099813	10.898547844883936	5.054221199324234	10.21284325217558	18.50294471440275	-13.940396040764604
0.8817635270541081	4.4695653922538545	2.0030780893460634	1.800211900943641	5.74847371186646	10.714253076149566	19.367583544348076	-10.777316880275475
0.8837675350701402	3.7541797166264232	1.4463877838644799	-2.0478985125681297	3.6476847633147216	8.559341435612922	18.998016052004605	-11.309293015242904
0.8857715430861722	6.5131282990587565	0.34316472730583336	-0.45916268799550275	2.2973910219695544	4.276572036410277	17.41340284813017	-11.21269870398866
0.8877755511022043	8.228520802300439	0.4305473503963315	4.514693562818093	3.1226286936379957	0.6481666463708745	13.239007294490612	-7.589224626471046
0.8897795591182364	7.461284995891604	-0.360893334267552	9.218365779421127	2.999696116494663	-1.0913417687354134	5.108606497420611	-1.4223576084232559
0.8917835671342684	7.349279579080214	-2.3657364067647277	9.054424285629967	-0.3044907569179358	-1.561200562095307	-3.823124046380153	5.714128937752074
0.8937875751503005	8.78090093693555	-2.461953141062309	2.72236778117118	-2.712829255673402	-0.3874815353446571	-7.391777414820032	12.647302128936893
0.8957915831663326	8.381063737636039	0.5494865779957465	-6.086006814234406	0.9780038895726635	3.568251731550869	-3.326962910702589	16.33524583033432
0.8977955911823646	4.979422630269915	3.990128153965042	-12.77279443054927	9.108808487716667	8.460108720796226	4.0119453052977025	13.474257747483382
0.8997995991983967	0.9880586783519498	6.138969102392946	-16.33261244888033	16.080257297785643	10.061726639834104	7.303048847460747	6.468998209177635
0.9018036072144288	-2.0519747604968592	9.370965691089385	-17.901079088515424	18.829524480968647	6.265994147840216	1.4967490906286116	3.514380330954139
0.9038076152304608	-4.0983752209962825	15.606898493030487	-17.596495486822356	17.612835520971917	-1.0674889969243258	-11.263514658733245	9.59875393182136
0.9058116232464929	-4.009654439965655	20.398921291163152	-14.631825316826488	13.771254900966708	-6.640653713926981	-20.344122303689947	20.074735668180992
0.907815631262525	-0.7470778587687721	15.214868657685178	-9.445404913128687	7.181150129251769	-5.3334825131686685	-16.59512368737567	25.322051567443467
0.909819639278557	3.2573986339425454	-1.9192228941241047	-4.271019050049682	-2.023293580643525	1.9671691636912274	-4.976645081794423	20.772745629810828
0.9118236472945891	5.100836561472241	-19.75261295379652	0.46618400869664417	-9.70804749777376	8.003842482365569	0.7175777320429726	10.870335018711542
0.9138276553106212	5.872589442780327	-24.782291006139214	7.66639510464029	-11.659115018709423	6.123741145909733	-5.069577112704473	3.431943868225196
0.9158316633266532	7.662416633761407	-17.622169815501206	17.57335130590338	-9.546988224466503	-2.8117680638958995	-15.564987808089771	2.2754480423978825
0.9178356713426853	10.22491899645179	-10.51764486842479	23.849369867457604	-7.685303828052589	-11.27451996665675	-21.31772049385117	5.029957347424856
0.9198396793587174	11.620198236349015	-10.444560634589386	20.34565110066216	-7.355852101846141	-12.692464688170162	-17.40819782688445	6.259543056200118
0.9218436873747494	9.115441764653687	-11.734969785974686	9.709349916270568	-8.093523361930728	-7.423377207007855	-4.239508932043504	2.9146444434632572
0.9238476953907815	2.7255766842091647	-6.825440174914564	1.5985018497864363	-9.900562854733787	-2.399217234135254	12.61412912976468	-3.7671254691675378
0.9258517034068136	-2.6568760381631633	2.0735831571915613	1.4887040795326034	-12.745835423092498	-5.3243632008537	24.17233162929632	-10.34693065514312
0.9278557114228456	-2.8781578227325855	6.77251492736229	4.902339437883106	-17.35764664990373	-16.89788981862587	25.438775151082684	-13.50143302839841
0.9298597194388777	0.7153519431203059	3.2330402768560633	6.283001142036855	-23.584277299598558	-28.08713142588315	20.24962028875591	-13.561968301110195
0.9318637274549098	3.1552152554933586	-4.754817084125837	6.48054989390083	-27.33479085315874	-28.238000255595804	15.100752304032868	-14.186197595238365
0.9338677354709418	0.2550652549278625	-8.398004263888602	7.345325561272957	-23.53892919025548	-16.754432499630028	11.527856857519525	-16.279540351411534
0.9358717434869739	-7.0989581432040065	-2.0745130957921925	7.7243549178612705	-11.707368995586522	-2.8721176476822685	7.167886583776301	-17.71220980752025
0.937875751503006	-13.09665864259964	9.651874004863721	6.554565167785575	2.009318470609413	4.777844345279078	0.5266193953903768	-17.190433749785722
0.939879759519038	-13.153657698598936	16.651496498301768	3.5595759351448195	9.271805875872506	4.150367390261524	-7.42432124050078	-14.267976788719373
0.9418837675350701	-8.600673560629959	14.31612223780454	-1.7455701642212003	8.304413204117228	-0.8528934550587802	-14.05520793324122	-10.030618178844843
0.9438877755511021	-5.155558561614042	6.044104101773333	-8.255760767635023	5.617219404152102	-3.8722221484021344	-16.877202937897827	-6.217481728851054
0.9458917835671342	-8.17109845975464	-2.403408042429583	-13.766729931893952	6.935490389666674	-2.0420997655660558	-15.59182076750401	-0.7172401802621107
0.9478957915831663	-16.562961521235586	-6.081102475735407	-17.39868149483336	10.204655952668077	2.033557840455234	-12.348890684524484	9.380761322905057
0.9498997995991983	-22.19672204865297	-2.559633458524991	-18.07635515502016	10.658325301250379	5.852452456958268	-9.573086661840518	20.203642692786232
0.9519038076152304	-19.467413657877856	5.155856895841546	-14.699611341574888	8.582800711646065	10.070329499249777	-7.696903861971954	23.96632087368724
0.9539078156312625	-10.337585365689806	10.698733278132087	-9.24578461331769	7.779147528238298	14.410812939854017	-6.626506407640974	18.20945892345057
0.9559118236472945	0.04088224541909513	10.406409072559569	-4.588902940522595	8.989970350268775	15.386233414589901	-7.7828980341717156	8.188412326074056
0.9579158316633266	5.8852266884352815	5.591178418581264	-1.5268473268313278	8.253852862078672	10.89020609799988	-10.897503390507039	1.9159631408937594
0.9599198396793587	3.9861202356098677	0.38420392147278126	-1.0732354625091918	1.7885104703198313	4.991756994646899	-11.607635389222793	3.6797115559148503
0.9619238476953907	-2.217087408488005	-2.5341059696090085	-4.010757337060509	-9.09843578485845	4.146211357404688	-7.234622661778296	9.735162927455082
0.9639278557114228	-6.214436383749607	-5.296480981774503	-6.573513257017628	-18.1475129175977	9.026900837900591	-1.7801938983020518	11.728476477788808
0.9659318637274549	-4.5623049621445455	-11.541447667598375	-4.187545294348802	-19.36825535674655	13.206269314691843	0.8436610634910056	6.66105391533775
0.9679358717434869	2.7462295984364773	-19.22317273858145	1.109374010663244	-13.103069031038764	9.8892007812385	4.576050621396838	-0.8834970577832906
0.969939879759519	13.886742076220086	-21.824021348097684	4.182098835484488	-4.892187686342853	-0.2578370959492226	14.082743064196976	-6.297258270603607
0.9719438877755511	24.357921875178942	-17.1991246818997	4.056852702323908	0.787306207641224	-9.566637110579975	24.04710260506025	-9.127795347691837
0.9739478957915831	27.234711845905384	-9.265236312721882	2.8803635739280886	3.0890084145303014	-12.528143431254202	25.70277427449668	-10.937783880938804
0.9759519038076151	18.91058210600248	-2.196924863388193	1.9746284783466617	3.499925553510595	-10.07211558886236	19.54403833928301	-12.0523105308834
0.9779559118236472	5.624238146196142	1.9292737504578856	1.8199799499854437	2.4643513862111526	-5.469007218748155	12.065529934691215	-11.12534567407056
0.9799599198396792	-0.39898528635233127	3.5775808918491387	2.7704288883645387	-2.240068060335574	-1.6856170291636503	6.21153088769144	-7.435615744219171
0.9819639278557113	5.986533798846819	5.704657080522135	3.996030378670769	-10.481400921052407	-0.75091250328536	1.9539150284939757	-2.061280996562455
0.9839679358717434	17.24308619874941	8.848475803816589	3.9873222326752917	-15.303059616144205	-1.272631692418559	0.6011772214677331	2.1579260833662604
0.9859719438877754	22.473969143577563	9.27681608543542	2.5043121109831366	-9.60074608280023	0.8671451608517109	3.2322963315997435	2.0795529272947197
0.9879759519038075	17.694018347287045	5.145335414402331	0.83730411178064	4.494367856028813	5.450865695880825	6.519743834280369	-1.8896868900133026
0.9899799599198396	5.2748355544327445	-0.2059106270517368	0.1269574345754233	18.841301791143934	5.870791462361991	4.580193828295279	-5.134613758125895
0.9919839679358716	-9.51185298647148	-1.8615929526851371	-0.693660092832403	27.852227973682265	-0.8908016246555753	-3.974940951970929	-4.0858743338425585
0.9939879759519037	-19.00236044052663	2.400870667247845	-4.068242411105709	29.831972314337545	-9.137530899128697	-13.55218510222688	0.030621084064880233
0.9959919839679358	-18.535756868274145	8.476329445141412	-9.571036740430033	24.517242588438176	-13.311017619990809	-16.82250016815725	3.562163213565135
0.9979959919839678	-13.0961371182762	8.189974906759291	-12.24156104817869	13.892511226303686	-12.959934892042554	-11.83157646935082	5.334163777097332
1.0	-10.557208007818604	1.3421950638606444	-8.15581999697377	4.525398452766394	-7.871919440297958	-4.251280956984644	8.145117924320791
