Date: 	2025-07-01-
Time: 	1040-14

Picoscope code: 	1111111000000000000000000000000000000000

Max potential (current channel) [V]: 	20
Max stack potential [V]: 	20
Max cell potential [V]: 	20

Cell numbers: 	1,2,3,4,5,6,7,8,9,10
Area [cm2]: 	195
Temperature [degC]: 	50
Pressure [bar]: 	0
DC current [A]: 	1
AC current [in pct of DC current]: 	0.4
Shunt: 	200mA/200mV

Run without potentiostat [Y/N]: 	N
Frequencies selected: 	[10000.0, 5000.0, 2000.0, 1000.0, 500.0, 200.0, 100.0, 50.0, 20.0, 10.0, 5.0, 2.0, 1.0]

Time	Current (as voltage)	Voltage1	Voltage2	Voltage3	Current (as voltage)	Voltage5	Voltage6
s	mV	mV	mV	mV	mV	mV	mV

0.0	-0.5804139272523349	0.5912003807676602	-0.5357271912603595	0.3045889016465731	0.5727093175985262	-0.3066132500654181	0.45430004217416803
0.008021390374331552	-3.3185017175123583	2.6168711735529366	-3.2259623558328565	1.9436399953271766	3.461952372128685	-2.34178823217683	3.0915906376089257
0.016042780748663103	-8.134217812398877	5.1517266746709005	-8.918208602284917	5.852386920429087	9.027552694260109	-7.963001556569235	9.670769957039878
0.024064171122994655	-11.456846020270033	6.826933429535272	-14.662544440410558	10.7618361417215	13.35848183026624	-15.721645805260922	17.707467754648228
0.03208556149732621	-10.906986618092834	7.890748746240604	-14.202139792061176	13.049287489451194	12.752097500644009	-19.605946290000823	19.457141559515893
0.04010695187165776	-8.447973597433805	8.325825185114788	-3.6504181413942844	10.458006521329619	9.244011006960486	-15.357258528736416	10.865524610198245
0.04812834224598931	-6.245429422298417	7.496108417916721	12.48325690394198	4.284227762447106	6.511708653302031	-5.562927824587048	-0.6788833044164894
0.05614973262032086	-3.524170356415087	4.408027867174267	23.70445823418671	-3.469870519663397	4.4948248861665006	4.34383975119745	-5.424824655679523
0.06417112299465241	1.0913866938163295	-1.7117933881565466	23.43557554047291	-11.888201650642614	1.7204418069144594	11.017249910676364	-3.5931201727612305
0.07219251336898397	5.978389445902022	-7.257228633316624	14.855137856765849	-19.616327460169245	-2.0879920456083974	13.477532305572254	-3.178350191194442
0.08021390374331552	7.483915173817995	-6.3551627196666605	6.82158262493452	-23.996539707594774	-6.804849674979763	12.535023190501478	-10.893563446197986
0.08823529411764706	5.689846946177844	-0.7909875395264209	4.995395755614921	-21.90609630043514	-11.948189436571326	10.52838762587591	-24.78105879751896
0.09625668449197862	6.054661404687837	0.08674287314723228	7.825627279725416	-13.106219353881745	-16.361436653234144	9.934983576779837	-33.21836455248074
0.10427807486631017	12.550705199524272	-7.9937308158847955	10.010434079454873	-2.4936777959627854	-18.304688043323814	11.182764266459886	-26.184759506346694
0.11229946524064172	21.578082024744287	-19.453852551290154	7.483403042192328	4.080388288226889	-17.305968843470808	12.892299467664474	-7.248967945921828
0.12032085561497327	25.04798276283469	-27.493383417061754	0.485549135038268	4.562544336080215	-16.503902977319576	13.692300388990605	9.48325319947133
0.12834224598930483	19.330785563026275	-29.66267808929215	-6.187923102833367	0.9044857738870407	-18.513005482527433	12.309751316462796	12.399998048858881
0.13636363636363638	9.535550317393469	-26.076418465079858	-7.943952009498985	-3.36930252142362	-20.673202794805306	8.742713072753064	1.7046601392239553
0.14438502673796794	2.9293706444652146	-19.702879686945497	-6.120697094666505	-5.722476783918783	-19.47552521050096	5.8172167942665105	-12.42166836002357
0.1524064171122995	1.4534688654683705	-15.20688126740344	-4.8807653276779055	-4.515066203438085	-15.660781018353745	6.714279811627822	-19.748903728663958
0.16042780748663105	3.095263253043244	-12.320928438735686	-4.186498782912397	0.3389409835200572	-11.593121503111865	11.243539449918268	-16.46810187039071
0.16844919786096257	5.259834379669859	-5.5127820099690865	-2.9382894711978333	5.412480063341993	-6.889938003592767	14.562826043243184	-5.00723292946075
0.17647058823529413	4.93971029328629	7.830438988006856	-4.709976029216757	6.7764205313682595	1.1074884991358362	9.867951301111312	8.049764574120864
0.18449197860962568	-0.2854590267096307	23.143271233030504	-12.537556565246641	4.625408459901617	12.616805918398503	-4.15567343826906	16.148115283264882
0.19251336898395724	-9.783515549208227	33.524360649971214	-21.705975046846643	2.8407713767130183	22.455029071956496	-19.042163152481162	17.325834622228815
0.2005347593582888	-20.33905557189595	36.52725404365289	-23.870792929981192	5.035983846284106	24.911942275262597	-24.478611616948605	14.139839000592033
0.20855614973262035	-28.647625654974437	33.63226111340193	-16.90713324532687	11.265177664954708	20.99809314422372	-19.364032842390145	11.07679181079555
0.2165775401069519	-31.78057165720936	26.37366211339598	-7.566153148578171	17.934941893591787	17.193277539120476	-10.588478870885977	11.974827518446915
0.22459893048128343	-28.60617111880295	17.39171656005952	-5.326706271328068	20.537644549382147	17.88337378621882	-4.926852464097671	16.668490368382855
0.232620320855615	-21.729162176858193	11.41149558864762	-12.717077464348371	17.127424893365724	20.90816885183333	-5.744297617936885	20.715253172667392
0.24064171122994654	-14.773538806670178	11.631116372931963	-21.332554250778923	10.014296938695207	20.58379257399951	-11.111389704562916	19.53797055043738
0.2486631016042781	-9.447204815119958	16.149435548796554	-21.38339317641128	3.809715686027081	15.067589850450194	-13.736512144088108	11.862616026308979
0.25668449197860965	-6.334802159555298	18.467758175578943	-12.969910747639291	1.1039473592504387	8.678857300402251	-9.239724672515258	0.34597398849890476
0.2647058823529412	-3.5148885537972285	12.667956893134265	-2.2046109690292197	-0.4743939630847571	5.68759954441368	-2.95805443868143	-9.505075388654463
0.27272727272727276	4.078281933269946	-0.12642024399198665	7.449434054888674	-4.329912855014717	4.677789863012912	-2.3120529290645693	-12.612420921700618
0.2807486631016043	16.631012181041594	-11.277047434339343	13.342626563003936	-7.761608619716776	0.8245835724392551	-5.942194583321138	-8.263573613899709
0.2887700534759359	25.62258774927948	-13.656973392363392	12.711812024139856	-5.923062320462845	-7.823579524524846	-6.899879099509004	-0.39673858396125367
0.2967914438502674	24.36171914142512	-9.881176683898397	8.723306139466528	-1.6733465262373424	-17.184612492925375	-1.4461224599875888	4.441404679564643
0.304812834224599	16.51512088946027	-7.750896771896835	9.564135901645564	-1.3263471105826972	-21.122420556904935	9.071614383230903	-0.20314451926823757
0.3128342245989305	10.68673742873106	-10.81937019868466	18.708847905239534	-3.9721763422995595	-18.881172830298638	18.59888540447766	-14.231602294478833
0.3208556149732621	10.731987839500247	-17.483254280687778	29.095291706357884	-4.926349489800442	-15.830797678756573	20.229689887980765	-27.53394851171468
0.3288770053475936	14.004997062773516	-23.85018857153354	30.467116201428297	-4.545457476641673	-15.630965722145794	14.470136253862309	-29.258133373179128
0.33689839572192515	16.237426166794897	-24.323265046590027	22.001236030621826	-5.107982110374824	-15.690420004180964	8.449344993686434	-20.022880426460638
0.34491978609625673	15.535929306504832	-17.594386845618406	11.760178176935757	-5.035183090486068	-12.423474421175206	6.471462129003571	-10.179576055082316
0.35294117647058826	12.628197088746699	-10.735754378627306	5.201447893406388	-2.0619044286042705	-6.119398916457434	6.359750553014104	-6.585564201451811
0.36096256684491984	7.994531005799883	-8.596712269039744	1.5567294724329312	3.2717128805111706	-0.11050502079519531	3.071454654760664	-6.438509318624126
0.36898395721925137	1.0417572752386366	-7.345045188028175	-0.7396255918424822	8.671712183897151	2.004262528228307	-5.722476636716733	-4.615715273447288
0.37700534759358295	-6.898027806916644	-2.5543571330734944	-1.4113952450391967	11.202507035654978	1.6268985166360461	-15.38522407050845	-0.060837389272066444
0.3850267379679145	-12.192858886629866	5.5792497560213565	-0.4276489780313154	9.043675257857627	4.963283843925454	-18.188370912533223	6.455632167473453
0.393048128342246	-11.79228303331433	12.735324154494448	0.4130304749523642	3.9906735121501864	12.880254550776186	-13.70552636535791	14.225305424353103
0.4010695187165776	-6.5512475606180685	13.332439212249731	-0.49277666527021846	0.33831377388898765	18.65307302295892	-9.815148504561584	21.037077371305102
0.4090909090909091	-2.4884376826079335	7.970523028782367	-2.487590502309148	0.14718828183828442	18.07185209383889	-12.451639627106857	23.91941082385459
0.4171122994652407	-4.748145368931232	4.727600200054603	-5.049698470206043	1.7492854336454913	14.55503427984836	-20.197897037206452	22.06116260304998
0.4251336898395722	-11.271019039933257	8.92283624483219	-9.138151093388231	3.0240224741369044	14.198155141229112	-27.210122718850847	17.067557955190996
0.4331550802139038	-15.702689171005911	16.154224922831062	-13.138242613986202	3.8733786774968895	18.26068537341974	-28.0881232087602	10.80279031816184
0.44117647058823534	-14.25922562292102	18.285749192050503	-12.24571376054239	5.723618162084266	21.319191516848225	-21.11417990547216	5.36485910965915
0.44919786096256686	-9.259528268882608	13.150816018296487	-5.644170140562532	7.7506593053140165	18.588985868202062	-8.393451637345708	3.1467646946399532
0.45721925133689845	-5.537045520963043	4.942131285356089	1.1626856654502213	4.919645649597111	11.691276906950046	4.0108759218056935	2.83892380386832
0.46524064171123	-3.912013793557118	-2.507470494842765	4.227738605452514	-4.88001333778862	3.913235117781278	9.023185028237222	-0.12491693480281546
0.47326203208556156	-2.3094328380531333	-8.392205576477462	5.2743362440706685	-15.436002939573982	-4.767575908250664	5.529499673637304	-5.523266799816301
0.4812834224598931	-0.9438924700189191	-12.854011317511414	6.60824322870324	-20.181593463782566	-14.72660734455132	-1.174783950503889	-8.312659977066884
0.48930481283422467	-0.6258738161049184	-15.658634597361594	8.312981239113197	-19.52619019222161	-22.48027012002495	-3.590967815582585	-7.577113759554054
0.4973262032085562	1.3000464856026197	-16.683562829483066	10.79755993599319	-16.90296801297008	-21.954691469623338	4.6122938636268405	-6.686593672369165
0.5053475935828877	7.518738921391251	-15.660900180792476	14.45909106269672	-14.735885081770409	-11.404750789084536	21.636158010718738	-7.206267700204014
0.5133689839572193	15.09438614190563	-12.339404240420572	16.667712291821577	-14.512401508948034	0.6166713291235528	35.156106290601414	-9.223634387477498
0.5213903743315509	17.832479597821386	-8.30634595773527	13.034799262784265	-15.430020902386492	0.9945119033977264	34.49909074711468	-11.977753166965735
0.5294117647058824	13.642363009022423	-5.693041535995713	3.684838860893685	-14.796190083506676	-12.0173121946083	22.985973196735472	-12.21928328674583
0.5374331550802139	6.752356351766122	-4.970437552092479	-3.687409365984157	-11.60219387012744	-24.438019585126213	13.572915292454564	-7.913729827953025
0.5454545454545455	2.2866028940576357	-5.355036251604487	-2.158566496216254	-7.7905003530577	-23.482519301906137	14.87298552608563	-1.911337979679816
0.5534759358288771	2.2667345400215	-4.613480597204138	5.097465957625819	-6.596328013866316	-12.630788898167026	23.178428211640096	1.9251242093554115
0.5614973262032086	6.620106565873722	-0.5644195493169676	9.747749403270971	-8.85348084520886	-5.496584822608555	27.188543589148466	3.4583610778705864
0.5695187165775402	11.37432673687611	5.40110068222579	7.9503144616675305	-10.628903675306642	-8.400182866613893	20.648128951550092	4.736355667675307
0.5775401069518717	8.694487320398085	9.372257854042624	1.331192748566386	-7.600195359767074	-12.674472985862028	6.971397097862903	6.778277165217066
0.5855614973262032	-3.589835146325274	9.42147914393722	-6.180052348890296	-0.28438794787669885	-6.062302156793613	-8.379473735740795	10.171899127589755
0.5935828877005348	-16.64154405681082	7.139159831903141	-11.491810613206543	7.1242511275383125	11.0773762466528	-21.270122185310832	15.611179695125024
0.6016042780748664	-20.126630383447296	5.708477884805625	-15.157646797944512	11.416402743598189	26.35598733384773	-26.131278091254167	21.078432928177822
0.609625668449198	-14.639535641355762	7.608473248435807	-19.599759468322556	13.42450325416164	29.661270390002745	-21.029007426688814	21.287704429233873
0.6176470588235294	-10.758803207514621	12.792073826111105	-24.16386291594206	15.367356212251012	21.99646631896021	-13.002107600169175	13.27418613076228
0.625668449197861	-14.641330208012715	17.309751642299418	-24.569460514737568	15.994243388370469	11.985991252449939	-10.078589739116147	1.1429700391011917
0.6336898395721926	-19.928957464209365	16.439546452999792	-18.62955857652717	14.284291030481466	6.763445138950368	-12.154153499201342	-6.766125530035868
0.6417112299465242	-17.47069764554853	10.202934180531676	-10.582499939860224	14.960393499052923	6.918695279600914	-13.934666711676876	-5.172412032153597
0.6497326203208557	-6.666042814281817	2.0811992135974156	-6.354505828296889	20.933750182107136	8.345292652381	-12.41774500558163	2.481504736005854
0.6577540106951872	5.921203910963363	-4.4772631487320975	-7.110334570007372	25.98120702017655	6.593378558178785	-8.612069566683173	7.071510695158372
0.6657754010695188	14.086758309335396	-6.1508450933592815	-9.622472816750175	22.86102437528037	1.1225698071977805	-3.8533174629843274	5.241061690294023
0.6737967914438503	15.588864180598424	-2.7804237377872894	-8.43547798384753	12.319205382688923	-4.379968969850811	2.0185395234180503	1.5560837472899198
0.6818181818181819	10.983961115422897	0.3128490593619201	0.24195399421258712	-0.4565337829860552	-8.179929622689595	8.09603962379015	-1.866207341884975
0.6898395721925135	2.851212007586787	-2.489529483978736	13.339693154231362	-12.88168346271789	-12.077075720866413	12.121294886383883	-6.961850218003356
0.697860962566845	-3.7723251638943984	-10.20364990301532	23.001636703901546	-23.874290022559773	-14.8917930504764	14.868407528315156	-12.140483956991426
0.7058823529411765	-4.284118549129322	-15.067372048542383	23.93722888550184	-28.9487125289423	-13.121140521634876	20.488103470759068	-13.581781275160958
0.7139037433155081	1.3204876395827465	-11.477594857398145	17.833928917873678	-23.378256705010216	-7.775920687801139	29.24128107038763	-12.14989472000301
0.7219251336898397	8.461974346110846	-3.118859112233405	10.341165426076135	-11.09442141276419	-3.5560218814664073	34.45980317594782	-12.62227706743362
0.7299465240641712	11.386468982394998	1.7291058754928614	4.157453131827032	-2.486491100317995	-4.291198726479849	30.747579231820765	-16.62355832447609
0.7379679144385027	7.419962387749568	-0.8544915415797277	-0.19539716469779422	-1.4890626496132298	-10.647800655482209	20.353593729607866	-19.3070953911577
0.7459893048128343	-0.1502212974475292	-7.953741768224764	-0.24152483076788933	-2.9821840332319773	-17.961932897396714	8.990938666283395	-15.7082316012224
0.7540106951871659	-3.2174086664307096	-14.60278611080403	3.3098709805592885	-1.8178731371531536	-19.283641791770137	0.7667048311608667	-8.46678665897729
0.7620320855614974	3.290216102962813	-17.262855861189486	4.058040632587207	3.42038737254142	-13.281262534577499	-3.401786590043572	-4.10486398661034
0.770053475935829	12.386438235944762	-12.904565114758668	-1.0922812825790547	12.114872060000092	-5.164968088202358	-6.294384319865413	-3.1165031139549484
0.7780748663101605	10.598783390410897	-1.3796622361771624	-8.513820606998848	20.574364290925143	0.2343089311756165	-10.629817486902395	0.18842493907981245
0.786096256684492	-4.831401527351789	11.520876555873807	-13.822948541901996	23.091810989926355	2.8422301806072396	-15.129421819967483	8.061450473147488
0.7941176470588236	-21.439119688075934	19.436495362516062	-14.624558734938747	17.8027332850645	5.083943005142266	-17.8178110767971	14.99355739212996
0.8021390374331552	-25.873742611327604	21.596841584519424	-11.130485701092166	8.646494455563012	8.537389427374604	-18.847838209064932	14.22896824418138
0.8101604278074868	-18.02911347975704	21.00111262351413	-7.075780058311595	1.7666944803722424	13.081226124519185	-17.53369984230018	6.727919963476134
0.8181818181818182	-9.48403849165396	20.923625263261712	-5.519877908051103	1.6518816222279928	16.574920536796938	-13.377530535956602	1.5541415307596722
0.8262032085561498	-10.580633877346655	22.472660225941965	-5.4905432819660716	8.002485359785139	16.65585613855801	-10.318028612448295	4.993410521550793
0.8342245989304814	-20.210961329231612	22.818728351947954	-5.932365697846257	15.928909907607737	15.319703011987597	-13.075144346264045	12.533459001216054
0.8422459893048129	-26.794901979099738	18.306852615210957	-7.166848257579862	20.406461118904627	18.0786736809676	-19.865819777987618	15.874846102245252
0.8502673796791445	-19.911729705692288	8.48204861483986	-7.275260702122973	18.066612884074175	24.946615072804427	-24.004572691928963	13.626600638881433
0.858288770053476	-1.4133009141805843	-4.285837249289415	-3.732767749466214	7.130359869911725	27.25377735658501	-21.286241703903443	9.329907348005
0.8663101604278076	16.827526304828073	-15.569035521474545	1.716736668815607	-8.018864351542058	17.80477016140528	-11.906663164415603	3.871823422570017
0.8743315508021391	25.06699802169741	-20.572660113748583	4.581972074741032	-16.590704932949894	-0.08963630781950427	0.697018584765631	-3.213151322243194
0.8823529411764707	23.182926464387158	-19.270801056781686	3.501796656241256	-12.524700251971504	-17.080824103621932	10.497384565331448	-10.23733734588801
0.8903743315508023	18.030318661509362	-16.880388917255168	1.9581390729546002	-1.7355194341906819	-27.74035751228051	13.50326646640516	-15.253263871659792
0.8983957219251337	16.82644015247866	-17.024109027626317	3.889975330607197	4.574252302263023	-31.491347434816724	11.736928413573178	-17.43360660008269
0.9064171122994653	21.64127208912857	-18.061249442831645	9.260640767597074	0.7187340968500597	-27.66703988468265	10.344714601182329	-16.765009722093634
0.9144385026737969	27.8852964348364	-16.68998742385113	14.514435933186034	-9.256107131402313	-17.124944999573366	12.209312511558055	-14.149462647441245
0.9224598930481285	28.822077425872617	-12.047944581420191	16.482939178967307	-16.80161893610169	-5.119951401416061	15.925050442299845	-12.151305447540636
0.93048128342246	20.991210446971973	-6.4984593743667265	14.998635402822115	-18.122535779260517	2.504690631812275	18.758986331634357	-14.770723804715018
0.9385026737967915	7.263541323022893	-3.1339438189854216	11.703253228543174	-15.614896303487795	3.4399453828709237	18.804183019872724	-22.616821114075456
0.9465240641711231	-3.6589935367678197	-1.6589665808032534	8.274732925009138	-10.315559238791497	-0.40477250448285906	12.90579793122783	-28.664850988263918
0.9545454545454547	-6.101105726135681	0.3385457582740091	5.775375140741061	-1.3088605351233549	-4.623250794803595	-1.280545816836279	-23.987764309390265
0.9625668449197862	-3.828643484146516	2.207457868427575	3.7237438561335865	6.379197606578131	-5.491743222160685	-18.787288284751025	-8.902455815595266
0.9705882352941178	-2.503805910953726	1.9065874223258459	1.1965587198427046	4.1572155851107375	-1.160873118993376	-29.037317468510025	7.0151937842582655
0.9786096256684493	-3.3083386006142663	0.19205671424753878	-1.0215308066677058	-7.486012172923843	8.058700704576632	-26.105170835108368	17.98025460725257
0.9866310160427808	-6.438422867391551	-1.9787273284295228	-1.9927115460103075	-16.908989630360455	17.54418054373901	-14.404532549184829	27.009569672947705
0.9946524064171124	-12.768038771526138	-4.385934793673288	-4.044650393933531	-14.438201230553094	20.55098946432928	-4.227206112992716	35.18956693433186
1.0026737967914439	-20.53935741209817	-3.6483662127573218	-11.897351525515202	-2.2330322625225314	16.48751439917155	-2.6910557434777336	35.96390726843277
1.0106951871657754	-24.35407580894965	3.8972893532829525	-25.82358676748854	10.392705498951676	12.037142231749039	-8.66561887856969	25.23886172686767
1.018716577540107	-20.616984985285047	16.503585393838115	-37.78479258241851	17.37856013980466	11.340758893642624	-15.18340031505066	9.937135851758205
1.0267379679144386	-12.515477222721035	28.57736967060744	-38.50372480083798	19.058166955859743	10.846695522371215	-15.958192050820848	1.0643586259758067
1.0347593582887702	-6.188334864720747	34.35155015324315	-26.69888811195032	17.24701200282235	7.160582204533822	-11.26241278857136	2.364564111792051
1.0427807486631018	-5.04891311369983	30.333019548226886	-9.734941655928122	12.482760125466651	4.783167803065576	-6.816782501416716	9.090893909488885
1.0508021390374334	-9.635191580277743	18.271318662103837	3.20152667855575	6.32073385474431	9.077098015538967	-5.492582625324076	14.612138566517828
1.0588235294117647	-17.621504711428816	5.146942041614537	8.51326887628662	1.4652761052285148	15.249030814072187	-4.591432152095969	15.09639507680401
1.0668449197860963	-21.86506652187264	-2.6729414456610896	9.07013217522467	-2.4585259493915608	13.474507503647382	-1.9535308079268696	9.25619227375619
1.0748663101604279	-14.780361329962492	-5.6880396321512485	10.005584082641915	-9.285902496735414	2.19476514352954	1.5832637373664826	-1.4607353938419705
1.0828877005347595	1.6598168122967933	-9.438063211991407	14.373709771938795	-18.939367440519735	-10.42806229050299	5.796785738684266	-11.544574556994448
1.090909090909091	16.729830701405106	-15.786359282415157	19.634630146365424	-25.07729509312499	-16.374864624058993	12.654035325580939	-14.664111803690817
1.0989304812834226	23.32390969835512	-19.93695340609012	20.61852096285267	-23.245294051290873	-15.490203020919708	22.406657286862675	-9.097871542622372
1.1069518716577542	23.47437460441725	-18.291209556283597	16.780964880722422	-15.514323324013763	-13.440238543329945	29.98933243483766	0.646821470220958
1.1149732620320856	22.83916613959408	-14.527625409946925	12.452469222568645	-6.556242475485849	-13.843194309640486	29.970151557147176	6.780833455549321
1.1229946524064172	23.242519577286124	-14.587459938252076	11.98321287945677	-0.17698674103831835	-14.909319754296424	23.13355263462688	4.385834699815826
1.1310160427807487	21.712932167597252	-17.951677018999852	15.926428673492238	1.0889307860745618	-14.126383062728252	14.239307661844153	-4.71592036001679
1.1390374331550803	16.88363485919364	-17.531331587784372	20.409851353919066	-2.318686510591098	-12.645050605321018	7.837252933625361	-14.953841469244173
1.147058823529412	11.437750950452124	-9.26199972707486	20.824846976968903	-6.577518910917904	-12.84990643222226	7.4957301931360085	-21.431461276000917
1.1550802139037435	7.269367044325311	2.340227917959091	15.01009380914668	-9.050227384100443	-14.755649245354002	12.511045184685402	-21.640566545600613
1.163101604278075	2.9352819302428554	10.158571165436307	4.362323095136843	-10.873002551248694	-17.1732465360488	15.448879132991083	-16.38735535928792
1.1711229946524064	-2.957348301589034	11.879986244061726	-5.976931492305458	-12.003517043563653	-17.79655257170557	8.781761268724928	-8.653080673621512
1.179144385026738	-8.027184376145971	11.017586189089606	-11.048161695549762	-7.2864893866770934	-12.301021263923465	-6.406228884034041	-0.9656494039766718
1.1871657754010696	-8.814619949828138	13.133787647526695	-10.724580753734815	5.585852558930188	0.14854859998917772	-20.848154463305498	5.019347239755449
1.1951871657754012	-6.381713686307481	19.89299208020499	-8.47136088313756	18.54748462649889	14.312851348309847	-25.719871490012075	8.84267625431883
1.2032085561497328	-5.094470537379837	26.76071968194836	-7.075201457411425	23.02141125192168	25.061679526074485	-20.69896841958635	12.080068182082
1.2112299465240643	-6.9917622605300815	28.081776266192588	-7.154570867819078	20.82072872795533	29.786731719545664	-12.989803652351945	15.047323467952877
1.219251336898396	-11.433169075987365	23.186452141473424	-8.432228522760827	18.393498037644658	26.449783358331125	-9.016360704887985	15.113550732843777
1.2272727272727273	-17.258719090296275	15.869576730558236	-10.534096094953892	18.25279439406417	16.352389074800886	-9.354310765254496	12.497364546945144
1.2352941176470589	-20.195730360067916	9.515258081172306	-12.492178795537594	19.550281093988527	6.041097616004566	-11.176304638867087	11.53609798342753
1.2433155080213905	-14.56461378647349	4.263965082513989	-12.789187608559924	20.296938585947288	1.5736181164010872	-12.429420055399033	13.23923935640282
1.251336898395722	-2.3860359576001318	-2.0840803955560854	-10.308724723969222	18.556535456593554	2.3461930733002876	-12.494204026066647	13.748350288014791
1.2593582887700536	7.488120314381278	-10.549997677705328	-5.153114159282354	14.581479762754133	2.8264140314871233	-11.988618753720438	10.861940891557978
1.2673796791443852	10.122881283174117	-20.072665483066498	0.7199228418692881	9.708122994486384	-0.41022952629044573	-12.216818594795383	6.4406365935181356
1.2754010695187168	7.787803870116858	-28.65540319804623	4.368617044356488	4.293922217805315	-5.574006843624285	-11.272625332412117	2.269778587331389
1.2834224598930484	5.124617132263151	-31.69989786048786	5.362002649517353	-1.2642938567622581	-9.022575731238495	-4.125455625153043	-3.1137750478671897
1.2914438502673797	5.561206026778225	-26.177848818639553	6.153928145323934	-6.564457126576893	-9.215557716359397	9.66486212804008	-11.09766430354559
1.2994652406417113	10.230479292782132	-17.950758379204476	7.275717506742493	-12.372520036441596	-7.67319677068808	23.4802737755866	-18.262255101293174
1.307486631016043	16.53095013590507	-15.866272553836627	7.008843572076878	-19.281963055716105	-7.528392035921143	30.72646357913399	-19.797391875283104
1.3155080213903745	19.530459016658973	-20.778875518306783	6.184814227284888	-26.234566764849063	-10.814048026933719	30.17386553481958	-16.812685479166213
1.323529411764706	18.67436958547843	-25.89128766185745	7.134986145113408	-30.779589829663568	-17.597051013243213	25.307005375357335	-14.757885960690857
1.3315508021390376	19.402438475021803	-25.146076439278183	9.387575256313383	-29.595803915044176	-26.11774174749535	20.113157221062522	-15.175624531363146
1.3395721925133692	23.222695933426348	-18.76937510930367	11.315458340342735	-20.54443272059311	-30.857395754512154	15.261978679500967	-15.021018657872213
1.3475935828877006	22.794734519192097	-11.510277998194931	11.947301938680075	-6.539448326796601	-25.791853161429948	10.664811338097424	-13.004821676103765
1.3556149732620322	12.784915481212362	-7.177593740266669	9.34021232669778	4.2351664668591305	-12.287427699357755	7.936415673364531	-11.796211477373964
1.3636363636363638	-1.7956078414918804	-5.156997580208227	2.8478188681480376	5.80732947774986	2.1490287807243873	6.335089711834863	-13.854913935539196
1.3716577540106953	-12.01762566040995	-1.5713174657184648	-4.156556860915516	1.032585324366728	12.084982295806608	2.1808836825297404	-15.63183987126699
1.379679144385027	-13.73679225737182	5.804105539784617	-8.363028227755526	-2.3548696559293676	17.405617594273586	-5.55046550615711	-9.70800307681705
1.3877005347593585	-8.600583693827625	14.624020808428726	-10.19645807257658	0.6834548347933358	20.225140802615535	-13.303514796413575	4.903675429888359
1.39572192513369	-1.6611012819674216	20.523277777719628	-11.699965311184865	9.948217905908786	20.764921584150336	-17.70468887429772	19.94429433424536
1.4037433155080214	0.5223783494926663	21.007334763444327	-14.258815104545814	20.861072146474374	17.53716890919548	-19.75244552086292	27.316693470959812
1.411764705882353	-6.017442854939563	18.558300747646978	-17.659428169058472	27.10740988339759	11.2539129665797	-21.117557837283073	26.627722070669027
1.4197860962566846	-18.121078502796006	20.126546316592055	-19.27270130051556	24.892158206826497	5.768970266205074	-19.28371706673917	21.42735250073315
1.4278074866310162	-27.907235175619473	28.69197530112004	-16.32076566060746	16.441039157531822	3.9193532319600997	-11.681495599876781	14.268381633922184
1.4358288770053478	-30.66759618024864	37.27815135947221	-9.85653599959694	8.564337308898748	4.953542082367625	-1.4708299910866516	8.703720006516093
1.4438502673796794	-28.033062884990994	36.07969202240027	-4.05352812144574	5.465756484235055	7.371337358250892	4.702202843723425	8.063844133452541
1.451871657754011	-24.396886677445327	22.42850011427432	-1.059940050099994	3.787005136459218	10.043568302807998	2.9152605438533175	10.154092165508324
1.4598930481283423	-21.908316106604776	3.17570456957553	1.1302571261499144	-1.620729131316116	9.625077113114573	-3.986334767183584	9.582243602099219
1.467914438502674	-17.642454610487597	-9.584748588440156	4.578440048952968	-7.998169045327446	3.5069972945798695	-8.28024428602458	4.106113477370458
1.4759358288770055	-7.063875296944041	-7.81083803976788	8.385167877767836	-8.44358902915572	-5.529388063322018	-6.097661469727264	-5.300633098042505
1.483957219251337	8.244388967929684	5.013677068140053	11.623145674744832	-4.604627781979691	-12.837946215303974	-0.813261725487234	-16.49616771521571
1.4919786096256686	19.573351757591205	17.301135350492505	14.622539150043727	-5.354455660342474	-15.79343529532982	4.9832025404914315	-24.60959977604308
1.5000000000000002	20.1844194600649	20.34629695113542	16.059844319826325	-14.130713479566667	-13.064213608485707	11.68153680548976	-24.442936483944855
1.5080213903743318	12.374270781175445	13.640740182945333	13.16928912037845	-24.760145635336993	-5.934140713879734	16.332219697746254	-17.710046703741252
1.5160427807486632	3.9407827781225504	0.7922216576763844	5.5213334975005255	-28.11617406549448	1.4301267896538117	15.126699958959408	-11.46702722840312
1.5240641711229947	0.48320877181027794	-13.982265337225297	-3.6514250186490194	-22.05810683618688	6.4438447943666315	10.383707585284158	-8.823362526097883
1.5320855614973263	2.441026502721977	-26.31451822069553	-9.085552469350436	-14.504757825847594	9.098720858829731	7.756467347321697	-7.731911153378382
1.540106951871658	7.764623783861843	-33.23654192232822	-6.187151082947573	-13.248701101651447	8.975724305862672	9.117071694672797	-7.461679562262324
1.5481283422459895	13.217178986896181	-33.02822992201218	3.6656798490133213	-16.7299744340032	5.724505898822394	11.29159788804718	-9.449976252841294
1.556149732620321	14.35648697781137	-24.60950327504461	11.786660859496573	-17.683046370435367	0.6650744019712137	9.687074315253627	-12.675944407511514
1.5641711229946527	10.332068456843956	-9.803365654438958	11.553152909932477	-11.532984390297589	-3.5831396299057445	2.425508579614721	-13.17357873714864
1.572192513368984	5.621047134416313	5.93414924387246	4.7941708161703405	-0.6385675177722983	-3.215558677861131	-7.73878206075695	-8.428758985862222
1.5802139037433156	3.03784631061012	16.748646283468407	-3.727794304934702	8.779335660889359	3.984191141729356	-15.538382880554302	-1.449187980990976
1.5882352941176472	0.4690494834417335	20.859249474893744	-10.770891842660113	13.63845432091403	13.79930359468076	-17.409619280062103	1.7364259857664972
1.5962566844919788	-4.946491055575469	21.68323280233885	-14.022427383185397	17.091420180088143	17.966659923143006	-13.672225156771525	1.0101086971275883
1.6042780748663104	-13.15269483552561	22.580118286613448	-13.440244403997124	23.909309515032888	12.653504008262866	-7.834294426951898	4.152533386010625
1.612299465240642	-19.599090557269285	21.690552533120005	-12.098913240958932	32.70775982275273	2.554726231017676	-4.435268295651433	16.109026747659666
1.6203208556149735	-19.400393735261172	15.549777505369136	-13.316625294755493	36.30867173067634	-3.679725041452351	-6.010170764946006	30.413635218561943
1.6283422459893049	-15.579817063644738	5.622353127763594	-17.319511154928545	31.237174241007597	-2.7133669022178695	-10.08596837900439	35.380538005336234
1.6363636363636365	-16.327513641647474	-3.3756063403448002	-20.829570399561018	21.50158833155344	1.4187638472846138	-11.220071607054864	28.273576160218163
1.644385026737968	-22.16431102020407	-8.98395317090006	-20.15748301925721	12.13286159382877	4.928433621405497	-8.906416612884776	19.384108684897456
1.6524064171122996	-23.787628364570075	-10.86021425343452	-14.86421163627747	5.399758542716372	7.0091083722700604	-7.649857354781039	18.170900020111205
1.6604278074866312	-14.979297667727526	-8.759962807844355	-7.765303078941055	1.9807863709716498	6.778297524164976	-7.352456309467632	21.03642338541582
1.6684491978609628	-1.5372867541786548	-3.723757156294823	-0.9533021246806624	-0.6180105325752889	4.723990352252685	-3.119580625798767	18.3507439371706
1.6764705882352944	6.267327247629624	1.6813661446151547	6.148118022856708	-6.8803780369810426	2.796286140832654	5.412501370823517	6.638271234601413
1.6844919786096257	6.504066272843306	4.445187491090984	12.751481329256695	-15.775443475549359	0.7685902419739369	13.164128866798901	-8.927930026456275
1.6925133689839573	5.683834862303612	0.9464905573150147	15.339390018849512	-20.850782587188377	-2.5071569348746796	17.530163276939717	-19.228932744666583
1.700534759358289	8.534047093597072	-9.326239222976213	13.47649663143999	-20.102162140034768	-7.096822146956614	20.46386727808496	-18.865174485661537
1.7085561497326205	13.350720102640492	-19.606236498170574	11.065650393749747	-18.255425178985718	-13.069770838891612	23.025241457623363	-10.899379287779444
1.716577540106952	16.114417192084183	-22.482195388196338	11.3691961970962	-18.944268773190505	-18.929671954727297	23.84461746197593	-3.6261418358148334
1.7245989304812837	15.375683236202311	-18.046629085529126	15.205772653042194	-20.52909445258445	-20.629181509974607	21.657283403359937	-3.066687171024038
1.7326203208556152	13.56778391631751	-10.828182721983552	20.97138598387309	-20.00487312077756	-16.257900969846474	16.553054275625954	-7.972156213697319
1.7406417112299466	14.431069305679904	-3.9538829471120294	24.15440323532305	-17.7274501029509	-9.75996328751919	10.18271782821242	-12.005036382817407
1.7486631016042782	18.260496114450042	1.0263132597706552	20.19278502597031	-15.06193935036585	-6.095055526908438	4.047293065459266	-11.722553863343562
1.7566844919786098	20.41767108596458	2.0139067513352473	9.899946405694818	-9.636844706011704	-5.155202790215376	-1.2831520889399362	-9.327648797407079
1.7647058823529413	15.87152814615529	-2.3057142491536715	0.14277042361136572	1.6387862538810172	-4.525125672881759	-4.282659069244102	-6.11398528743498
1.772727272727273	5.150454736200072	-8.651263546077999	-3.6174987699848455	16.19646001664359	-3.5818653124691715	-3.5496190872922093	-0.5316256470736873
1.7807486631016045	-5.525751984393499	-11.08598464110888	-3.4510853268550004	25.39871219215811	-1.9215427705993542	-1.217823175967633	5.392796339836146
1.788770053475936	-10.889167273613236	-6.8929696675680034	-4.50411955489585	22.102730759091838	1.5532187395164523	-1.8212183704779128	6.847327954434185
1.7967914438502675	-11.425403897570273	2.3182458862533513	-7.592163576223586	9.216259592456776	6.397810957051905	-7.161476210060695	5.042240104756852
1.804812834224599	-10.669965954761086	12.06052014591178	-9.8789990470692	-2.604744532622764	10.539352141518808	-13.793888833042907	7.04800404134966
1.8128342245989306	-10.501839742794605	16.748209356613906	-10.291914221934466	-5.00232844900577	12.775494175167823	-16.276136226284358	14.997862497402842
1.8208556149732622	-11.233715391876656	14.052128525165813	-10.489786544595336	2.9784975892105177	13.410626675104883	-13.998459713209037	22.161163828175162
1.8288770053475938	-13.800332840903192	7.74311156844891	-10.643297191629012	16.04231319138653	14.031258855326545	-13.114536932104654	22.18368827528993
1.8368983957219254	-18.311722595962376	3.971752790609941	-8.011060160235605	26.021912121214083	16.35855447212808	-18.192192249242304	16.716832562279208
1.844919786096257	-21.972899184620207	4.873090413338176	-1.95127536978185	26.702298688190925	19.598260393136794	-25.508207520374512	11.095844221679755
1.8529411764705885	-20.677614391975442	7.780739041202374	3.553007184781063	18.803984091894893	21.42303843376937	-27.455389127014072	7.541244612792456
1.86096256684492	-12.993792816714544	9.153815928601226	5.7982316336667195	9.708910101821598	19.565220543240805	-20.87880902935671	5.496710197748397
1.8689839572192515	-2.8636112658554143	6.829766203450495	7.535325784733444	5.528861820357731	11.840496684978067	-10.680685101918412	3.61432090976383
1.877005347593583	4.439883167498311	0.27603878514407254	11.526629433612795	5.051995516578035	-0.5937876379887174	-3.867523906320328	-0.1343478394032847
1.8850267379679146	8.71576470843684	-9.524420475483055	15.72106560631772	3.2830950436406443	-12.920989613111303	-1.0702230015515348	-6.629274454044811
1.8930481283422462	12.530636148146055	-20.076553406535325	16.717267918721163	-1.1172672041055256	-21.500239472512874	1.755342276771613	-14.189492908096975
1.9010695187165778	15.200394768734956	-26.620202942371613	14.008002754008414	-4.901275169236717	-25.035150730674584	6.391951673789254	-20.090665941360694
1.9090909090909094	13.478972040475934	-25.30008901273013	10.475764959609641	-7.313708660212173	-22.70230693846873	11.378795136140619	-22.71001521931479
1.9171122994652408	6.849764885230624	-20.4959612117369	9.708422332296704	-11.554085656520133	-15.775584101631594	14.770736380019068	-23.196217423954685
1.9251336898395723	0.4562669491942574	-21.03702444401818	10.872144727053465	-17.16572712784162	-10.085056646659046	14.897773434823735	-24.268375832816442
1.933155080213904	1.0756186479107785	-26.64431817558678	9.432490367544894	-19.935487434663457	-11.241991720494374	10.997904814382169	-25.436514884947833
1.9411764705882355	9.187299034759452	-28.39400265086602	4.872917317803483	-19.07480884677287	-18.07685531120692	5.110454192621413	-23.25535022439561
1.949197860962567	17.587021633844124	-21.139236462050725	1.09075835004912	-16.768856221602366	-24.965557573315927	0.7658738763625245	-17.342475315963718
1.9572192513368987	19.354195094140803	-7.425430232240155	-0.8226342060963509	-13.346365524111437	-26.694736386662562	-0.3984961127433161	-11.724597676900393
1.9652406417112303	14.738159641374997	7.1151251976213885	-3.0686649430146464	-7.524461493250175	-20.293393023527052	1.2483913275260856	-9.96302302583191
1.9732620320855616	9.407210681184079	17.772510126690797	-6.699751474813525	-0.01631025398520003	-8.251005571891596	4.37234261936137	-9.899351797727066
1.9812834224598932	7.699959428865189	21.612866321949916	-11.132442280159205	5.583465289429961	2.2526519879418703	7.103787922741352	-5.282871432182361
1.9893048128342248	8.910166858634609	17.882348342558068	-14.938266097737115	6.974834787375631	8.076239741145493	7.836012453449186	5.553227042096436
1.9973262032085564	10.129817034955938	10.118763836089391	-16.495123199612916	5.8087739317570986	12.149601534455485	5.193113071044076	15.914438393346972
2.0053475935828877	9.355126777401384	4.708821826124526	-16.828749501878423	4.736078912985317	14.331305195571227	-1.1046769177737876	17.472751499448243
2.0133689839572195	5.403055885640367	4.743177324504453	-19.340696274076276	5.050554499139416	10.957441853074494	-8.682032631312033	10.255613305220345
2.021390374331551	-1.4071858792506042	7.812876808625049	-23.878612175859796	6.366859791626281	4.009172238036279	-13.237396636631486	4.74673563274375
2.0294117647058827	-8.399651918705313	11.241595423531216	-25.164046100781817	6.2960655162572685	0.552680574018669	-11.715354755790983	10.12146923606128
2.037433155080214	-11.483454153065567	16.431386994086026	-19.540300351298765	3.6632887581754012	4.480136098778888	-6.088633796440972	22.03433985299141
2.045454545454546	-7.859703069831677	24.185097600966948	-9.904607082170951	1.9483282633581156	12.938295267882369	-1.6063573012365553	28.494991152738166
2.053475935828877	-0.34557357808330147	29.335480095941335	-2.356483507281776	5.462759804571139	19.303760753162152	-0.4722465936607673	24.63166229311628
2.0614973262032086	3.0440114491869825	26.968976114023448	-0.15921917413153197	12.222205752972828	18.517164709608572	-1.2557964292917387	15.129813529028928
2.0695187165775404	-1.862930058772942	19.42134364771089	-2.5865768018552444	13.495454597807612	10.402872971820878	-2.2382340372132608	5.500157473305629
2.0775401069518717	-9.844268753608302	11.172462657129927	-6.320718659861458	4.115784890120704	-0.611290932116845	-1.8659050075609636	-2.3006317419000037
2.0855614973262036	-12.339999972973859	3.5699451623854146	-6.069686655786886	-8.953373998343036	-9.754118476289108	0.6424162408048076	-6.020385124922033
2.093582887700535	-5.2999476242912715	-3.5154796795778185	0.9196504308752692	-15.36161140883056	-14.903268548385688	4.376447957937146	-2.9689576265728963
2.1016042780748667	8.876677079962187	-10.548860205979713	10.411856877783238	-14.433079461152136	-14.807933372230845	8.189357585357852	3.038794483739998
2.109625668449198	23.539556775817758	-16.780098617726402	15.473233991714014	-11.80211596535452	-9.350044373699845	11.135871063013186	2.390366091137531
2.1176470588235294	31.49682670344618	-18.83399200024862	13.499980867045364	-8.981825888684224	-3.178899945427965	11.789797366267637	-8.650018116669171
2.1256684491978612	29.28329030338122	-14.299376085650318	8.82172447736631	-3.9815898485425176	-3.5428811447960453	10.02150796820715	-23.1155415316947
2.1336898395721926	20.70416857682494	-5.375603772065569	8.793795991999307	1.7927692000024782	-11.077369513103163	8.449406600946114	-32.60518859484055
2.1417112299465244	13.832865433404626	2.7864742928204955	14.167847100306657	3.8537374520552135	-17.242452226330535	8.864389380214014	-34.366985659569416
2.1497326203208558	10.87518845146688	6.972597185994484	17.747020453833343	0.5298921924096154	-14.519408455134359	8.600847707906526	-27.157903029800202
2.1577540106951876	5.054720134817951	8.163909443596145	15.263747854900352	-4.481060056268473	-4.41926389928664	4.898284761232711	-10.341420702799132
2.165775401069519	-9.103768956856825	7.567665343509551	10.458927923620292	-4.776716270631214	6.57620954796215	-0.1604149959059193	8.3360499017967
2.1737967914438503	-26.028856446284244	3.633131683637114	7.992572765755717	2.8934162879640866	13.60659092250955	-3.3461637866128036	15.807697415545775
2.181818181818182	-33.38320043137449	-3.7005993353749953	6.745218138260211	14.57601253301704	15.984217387305529	-3.9812473400068797	9.756432134695283
2.1898395721925135	-25.86229466733308	-8.743470672017168	2.0158277436449947	22.77977410056543	16.17306208464786	-2.8734766458521475	1.0150802301937887
2.1978609625668453	-10.812284680975996	-4.523978537680797	-6.900571644804624	23.653554016039724	15.554489920660837	-2.681015356346942	-1.140640682367427
2.2058823529411766	-0.629391550650044	8.060636809235339	-14.198649929960308	19.31014392939899	13.522650434092814	-6.74798828815133	2.591127324296286
2.2139037433155084	-2.4633179918966315	19.941221803879515	-15.131708774476538	15.02322041163895	11.546665687366076	-14.448394504643844	7.449038071704056
2.22192513368984	-12.521718016182144	22.63161056738153	-11.305651682903717	13.797298588202542	13.088615979568662	-20.740648299393996	12.268738472095972
2.229946524064171	-20.077380748251112	15.025709716327157	-6.2125224623737365	13.943820292364224	18.520650081633423	-20.668581277146636	17.417936198558
2.237967914438503	-19.25708540304949	3.8775679649557646	-2.124010406346375	13.575164370066096	23.85027607351723	-13.947686189501134	20.137911225850303
2.2459893048128343	-14.251138464763603	-3.1483461118016396	-1.2084930596168166	12.372342053893956	23.96365173259766	-5.6250392097821145	17.694511975628846
2.254010695187166	-11.266348223639818	-4.3251144355904	-4.275885181483533	7.707537741454143	16.737118186981508	-0.5646377573525077	11.44798345684517
2.2620320855614975	-10.242186778404463	-1.9160395810791324	-8.384785685658532	-2.6500939225403233	6.161722068003811	1.2015985256432518	4.717534938521721
2.2700534759358293	-7.82646949793216	1.5962783128453997	-9.294152442572393	-13.71132534624539	-2.1236929066280568	1.8054334418074265	-0.3020429681022812
2.2780748663101607	-3.0267408127026636	2.9175049761606844	-6.446860020116561	-17.732816923317625	-8.042179074919433	1.9899690999497177	-2.986336251628075
2.286096256684492	2.788084845402427	-2.192916795249278	-1.0710877291105247	-14.619081730522874	-13.494231391364185	2.825691408016215	-4.652818326490083
2.294117647058824	6.590077048701601	-15.041872612113437	7.323871189221116	-11.033825761898743	-15.944124185569278	6.6930748581863515	-7.436569365299883
2.302139037433155	6.105551526145423	-30.125808240162584	16.37877903729076	-12.00772645709677	-12.75643570951778	13.837624688621498	-11.14673713833272
2.310160427807487	4.213515596084966	-37.95943951411173	18.747978144408766	-17.664774086899	-7.5655379963732665	21.476563373533207	-12.81226813015573
2.3181818181818183	5.745133043151882	-33.302392933349	10.556727866979703	-24.50143561168571	-5.962871430889378	26.649673177046324	-9.006214726042382
2.32620320855615	11.356867556576852	-19.69413198849444	-1.8490771152204544	-27.875377604475005	-7.845932130253041	27.617547636398825	-0.6395888927396033
2.3342245989304815	17.78215586925743	-6.694873482674035	-7.328978264143715	-25.814437074658574	-9.543964342751948	24.068399106295743	4.252318402853584
2.342245989304813	19.930629479729156	-3.031278124712546	-1.533826997341977	-20.360945063399303	-10.298075228063844	18.41620311111445	-0.6226475989071985
2.3502673796791447	14.061280687259801	-9.685149241379301	9.026348746986963	-14.714856548823304	-10.956981412122337	15.395077342894185	-10.478169218512463
2.358288770053476	2.152641684036402	-17.921521656136463	14.985610285234113	-10.956501366150594	-9.838542917649576	15.995025208629018	-15.34263254883316
2.366310160427808	-9.321201507007443	-16.01380498350909	12.229522081565992	-9.140118320717956	-5.099747374348124	14.176600453987634	-10.134874516004208
2.374331550802139	-15.62221649453563	-0.9126290357754381	2.378580524777361	-7.73612793995073	1.7452003361529829	5.834030922451884	3.313351843692649
2.382352941176471	-16.5622717655852	17.893316146495778	-8.292901754024166	-6.3269356931493625	7.055752842614544	-4.354191646456002	17.839513162204565
2.3903743315508024	-14.10708123386286	27.224204337923403	-12.193979060973252	-5.009236733913946	8.716837209684337	-11.008444534186696	24.59711825351052
2.3983957219251337	-10.971248851950666	21.72148658734575	-7.919055262925618	-1.2018205845155292	8.066245037222119	-14.583957909967365	20.11408970836742
2.4064171122994655	-10.044119327666737	8.406794143624742	-1.1836180602831674	7.50083491341894	6.534272479221285	-16.060929317852086	9.3348252108226
2.414438502673797	-11.563570893793642	-0.2285241400327887	2.524982115496129	17.69926903749368	3.0108451491139845	-14.31260143572146	0.8847285156003366
2.4224598930481287	-13.252753153523255	1.5984018338448511	1.2461054793623405	22.17409420572461	-1.2220119824271838	-11.024012704391787	0.38333764265439635
2.43048128342246	-14.002700836750638	9.881671160713731	-4.6449635159689455	17.819546290814078	-0.10178561480130241	-11.600010458932054	6.775937631432143
2.438502673796792	-14.428717069951677	17.089187890455257	-11.231578364980642	9.860799099113981	9.028132506310177	-18.348040469265023	13.992647568384097
2.4465240641711232	-15.472425291256895	18.02045765673354	-12.768054523300716	6.43230747924407	19.443879195853874	-25.487794908213857	16.566167161110357
2.4545454545454546	-17.393398381882328	13.212985111686137	-9.167921281241814	9.316368677631113	21.31069809001314	-24.87134583359485	13.823927326024853
2.4625668449197864	-18.229530751312577	8.244173486243682	-6.127688729308383	13.443137393442942	11.467225952069336	-16.63710796444834	8.786686476495424
2.4705882352941178	-15.865597207971579	6.418045407113082	-4.970668463645354	13.2850138775154	-3.823479859894603	-8.322284678516656	3.7239355551916375
2.4786096256684496	-10.932050656441877	4.325205841226342	-0.852466293261171	7.084007361676324	-14.911288807920242	-2.3479534789654566	-1.3113767742837101
2.486631016042781	-4.890526594552969	-1.7670947871132454	7.526577538082755	-2.0190525312021386	-16.88275050875994	5.073695223801135	-6.48207223999671
2.4946524064171127	1.437875646109499	-9.410814864907739	14.200751614900934	-9.241850378727822	-11.130662823136813	12.320018076753408	-11.245783809858144
2.502673796791444	7.898477372978295	-13.568478460652111	13.370500274238344	-12.781817249921037	-2.090542949368468	13.800675353863905	-14.587016304053437
2.5106951871657754	14.380689219408639	-13.01096306103976	7.570225271646549	-13.272235689066786	3.7070742534810672	11.363969109498651	-16.190007932223942
2.5187165775401072	18.299515172441886	-10.322611762428034	5.265018557971389	-12.51741678512043	-0.15629354176947052	11.273904470393328	-17.368802328581378
2.5267379679144386	17.328686890062055	-8.661667704681806	10.208745347859997	-13.903237619330373	-12.432405964692972	12.616937424675479	-19.032905322398612
2.5347593582887704	14.448438220501208	-10.089879599073322	17.35890942492737	-18.182465139263275	-23.078763953195804	9.285726613128002	-20.66790706037454
2.5427807486631018	14.44752431006703	-13.826877073100578	20.140958447225067	-20.574555597618854	-23.512079856319993	1.7490919119539146	-22.03689816133628
2.5508021390374336	17.586274868511264	-15.711806574381677	17.440319357662844	-17.130099714709946	-13.763173030707256	-2.236883526619844	-22.587319206694538
2.558823529411765	20.187413927298174	-12.039410005008799	11.31564191434701	-9.707282302910162	-0.7643629296969158	0.22519592090420698	-20.569453135328526
2.5668449197860967	20.368011073495005	-4.258719459502084	2.648387708243908	-2.0526784950691344	5.981317902822193	1.8605913100707494	-15.123411301461013
2.574866310160428	19.406542043341428	1.651083988632005	-7.422710191403721	4.595913538568983	2.281139611392678	-3.782829119966467	-7.421571884223818
2.5828877005347595	17.198681460335884	1.7778986018156524	-15.605028675962872	10.36643275353591	-3.7947184617835608	-12.285647398560739	0.4638445251797307
2.5909090909090913	11.973627231914067	-0.8392429447020376	-19.27301368934587	14.182521402338974	-0.5565627963048373	-15.991066379985412	7.163792341996475
2.5989304812834226	3.7544261142697306	-0.10630411636176759	-20.00055516931894	14.341974754968136	11.504656899621523	-15.73335661759615	11.975224346154127
2.6069518716577544	-5.114384570113603	5.938954095121829	-21.658615860551176	10.768360641443149	21.49874433672032	-16.667294933278356	13.53953089385581
2.614973262032086	-11.631416879838293	14.37064103836462	-24.265585561746775	6.592025616223889	23.176806137361137	-18.333944906874557	11.574010214116711
2.6229946524064176	-15.133944485247481	21.076775278167034	-23.59461738641725	6.719673710689589	20.566394975492717	-16.883135419751596	8.7773487330206
2.631016042780749	-17.635148009770358	22.90201550277677	-19.025831858152916	12.871630864327235	19.74730285744933	-12.857436286545992	6.933177237329682
2.6390374331550803	-19.338064109640047	18.875093008392447	-16.08818344910578	21.139731623726423	19.737610623664445	-11.0891131546174	4.235612584651797
2.647058823529412	-16.40142041128116	11.687102992427342	-17.401917387599937	25.359984482347027	14.668309086757649	-13.548814582284038	0.3602800810516857
2.6550802139037435	-5.443020298480124	6.7576226517742395	-16.41159784939022	22.8052169755364	2.8955548886157483	-15.603151138563318	-0.6575124784669872
2.6631016042780753	9.840286955575076	6.310944447908005	-6.017652327657198	16.94182920945993	-10.817718557397008	-11.808593234013152	4.17316536647712
2.6711229946524067	19.72569400392738	5.57823125655487	9.419899525251159	12.848870050578608	-19.952693243386324	-2.922752670646814	11.248594384701967
2.6791443850267385	19.51380634066681	-0.10667448353986728	18.5742222575954	10.414816850539022	-20.053301407171695	6.13875925917953	13.028320346220795
2.68716577540107	15.675177513846341	-7.1333678781361	18.107594854682603	5.828712365494493	-13.200714435500785	12.822148698423002	7.634493101666925
2.695187165775401	16.933218858341682	-8.639578021246123	14.826660066161308	-1.7577465371150682	-8.071711218286216	18.15356835158722	1.4107796876198204
2.703208556149733	23.49532527833987	-5.078690645326169	15.039008880306177	-9.160586005276198	-9.824259963965886	23.487386924096484	-0.8487658114110562
2.7112299465240643	28.65168647065014	-2.635210517239551	18.422955199868426	-13.097138182718513	-15.489184485979138	27.978869819582584	-2.2169029079812073
2.719251336898396	27.78626016983521	-3.8710615917161344	20.511776671752514	-13.602667394454697	-20.457622275722223	28.933965089041546	-6.669556357331253
2.7272727272727275	22.240249039822523	-6.343311469092962	17.101865918921245	-14.571378581537116	-21.165807336521716	25.724598008081525	-11.230324198033935
2.7352941176470593	16.329867285199185	-6.644239255004857	7.238559150633249	-18.538691101459126	-15.767460701306405	21.68568213992108	-10.998317123173
2.7433155080213907	13.13328026061637	-2.96565699123127	-4.28255442896839	-20.83008616903901	-8.08737219020002	19.31052507514522	-6.894322725759174
2.751336898395722	11.319375350001314	3.238661229243489	-8.96624391571539	-13.993766699186788	-4.080757633792387	16.193196576363846	-2.254637931093035
2.759358288770054	6.598545881115965	8.011779021512503	-3.5484077531816296	1.9964522729949683	-4.197983350490964	9.119222750027847	2.3121386483524375
2.767379679144385	-1.8870618946049273	8.369336066097992	6.319865740422627	18.12166980237981	-4.7538027410558135	-0.6705401726702935	6.938726001789053
2.775401069518717	-9.420854962565906	4.267311959039146	12.705449543242123	24.930343464809763	-2.9051274544845165	-9.314191259294237	9.891578032800961
2.7834224598930484	-12.21191341586504	-2.1216479738888885	11.038896575246492	20.821590297802114	1.4322521198451788	-13.632879586716006	9.511523489358217
2.79144385026738	-12.939388901878255	-6.996087068804593	1.2387410696928982	11.97359157160229	5.2757313821293454	-12.581609432097322	6.867053390830682
2.7994652406417115	-15.846226427885458	-6.317434702380616	-10.728323208913823	5.407487267962804	6.421461139115633	-9.878169154882785	4.3995412048548275
2.807486631016043	-20.46907095581682	0.6304501583056851	-16.155406748090822	3.116897030364166	7.844082948174863	-11.79951149956669	4.151379568906062
2.8155080213903747	-24.31127947447246	9.825179333953077	-13.744738891044928	3.64258527599206	14.23714686038185	-18.296353968405512	7.26881625446617
2.823529411764706	-26.273863743019138	16.234238462638167	-10.656589738377829	6.672988966221611	24.33090738299313	-21.72797101444393	12.494705408481813
2.831550802139038	-25.513710077429966	17.46106656581953	-11.565708280644502	11.760484055830904	29.974369895005985	-18.51569520167839	16.32886779420974
2.8395721925133692	-21.5234116983173	12.774398361019044	-12.937054082296344	13.46946158829463	24.594939809581422	-14.044488659440928	15.822368177977035
2.847593582887701	-16.740981906698945	3.0289961177618925	-9.869801507250221	5.06031104941008	10.632172872730957	-12.021289166545513	11.741760800890631
2.8556149732620324	-15.02334868069352	-6.629079883143795	-4.563626226082925	-9.89985608941646	-3.260512471461374	-8.757700687911308	7.7222064490724005
2.8636363636363638	-15.08046687282282	-9.334405465489695	-2.348796742051966	-19.12265105406112	-10.39888951594209	-0.5068090271168998	5.483692738895991
2.8716577540106956	-10.445341784834918	-3.6432868299477117	-3.4944049861183024	-17.610063423027658	-10.192227790259187	10.488104247122035	4.6994723707514225
2.879679144385027	1.363769619225853	4.000055671420498	-5.0813056302703545	-11.733112236279457	-7.186589316104382	17.815135204327746	4.621306117149755
2.8877005347593587	14.108849329128805	4.287003915549304	-4.258074675996288	-8.130565266168286	-7.527147450932888	17.62389692899511	1.7638579455675316
2.89572192513369	19.630936261183088	-5.9901786540811095	1.548424842274072	-7.825401857890418	-12.674578568317504	13.463637178996565	-6.626503525282979
2.903743315508022	17.18556003577705	-20.50716311457781	11.653172348336856	-9.954951702025614	-16.690267502856003	11.827718144337156	-16.39939670977953
2.9117647058823533	13.979558309754935	-30.66339612777786	20.75186945327435	-13.916689775548006	-14.716797013822429	14.382475060216054	-21.845353104612606
2.9197860962566846	15.923778538283369	-32.61888322027219	22.79386267491482	-18.350923187048096	-10.318552959441462	17.609755857768306	-23.66955839771949
2.9278074866310164	19.811074586242263	-26.84318603902037	17.05720724322535	-21.678959142009678	-8.539317914313214	18.495539808407454	-25.766281417311923
2.935828877005348	18.691720095276374	-17.017779035958405	9.372190542001205	-21.894492316452983	-8.249172407580424	17.781974704773873	-27.91256005763197
2.9438502673796796	12.208967534542031	-8.578898848621686	5.3900994902943244	-17.155380388194448	-5.961923260083295	16.483255446222984	-25.95960337638942
2.951871657754011	5.600135815450412	-3.7729989280910003	5.406047429036888	-9.129197381930977	-1.483292594047207	12.570128896181176	-17.89240534027766
2.9598930481283428	1.9871345327580296	-0.7547548498082485	6.513604926181126	-2.3550799928972275	2.539808505514524	4.583775721838508	-6.765012004696297
2.967914438502674	0.9185610244313309	2.6702282396819412	6.264964459597846	1.4359899902979671	3.973886244308655	-4.233602528658812	1.8253735434348444
2.9759358288770055	0.963834859297785	7.426986628979158	3.9301695682879854	6.036447034109646	3.7633693417579948	-8.435556396897942	3.7529105818438455
2.9839572192513373	-0.5553264262867652	12.239281645462794	0.8601638938974242	14.98714176182732	5.201919851461523	-6.259312432980343	-0.08099678866954291
2.9919786096256686	-6.751109919365117	14.448961940723803	-0.41718912074746795	24.374816546629628	9.705272766383976	-1.447318174023279	-3.135936290914321
3.0	-16.80857478981937	14.610816765488233	0.7610792313216656	26.80466334763324	15.097736443982765	0.4479608250135266	0.6820258202599215
