Date: 	2025-07-01-
Time: 	1047-23

Picoscope code: 	1111111000000000000000000000000000000000

Max potential (current channel) [V]: 	20
Max stack potential [V]: 	20
Max cell potential [V]: 	20

Cell numbers: 	1,2,3,4,5,6,7,8,9,10
Area [cm2]: 	195
Temperature [degC]: 	50
Pressure [bar]: 	0
DC current [A]: 	1
AC current [in pct of DC current]: 	0.4
Shunt: 	200mA/200mV

Run without potentiostat [Y/N]: 	N
Frequencies selected: 	[10000.0, 5000.0, 2000.0, 1000.0, 500.0, 200.0, 100.0, 50.0, 20.0, 10.0, 5.0, 2.0, 1.0]

Time	Current (as voltage)	Voltage1	Voltage2	Voltage3	Current (as voltage)	Voltage5	Voltage6
s	mV	mV	mV	mV	mV	mV	mV

0.0	0.08731890940966242	-0.1476716850310115	-0.06677328366620648	-0.42972082667079425	0.3133207925875427	-0.05264816596757419	-0.04501909170255917
0.020134228187919462	0.5571986495880255	-0.9423212456265828	-0.42609308497904025	-2.1642850004512746	1.4215141362516017	-0.14334276796551174	-0.09466018698949766
0.040268456375838924	1.8151467513693258	-2.7439871125408604	-1.4333746313634388	-4.87543403820377	2.519911308150618	0.058208369349362986	0.3925845817254323
0.060402684563758385	3.934975689230359	-4.516604372782299	-3.445596515900424	-6.636371468233883	2.506533767730937	0.4097730278971998	2.0847435105461654
0.08053691275167785	6.148928303836209	-3.833299465946795	-5.759037511218894	-5.423971196594397	2.4125910226378333	-0.20369544258052288	4.534386904903283
0.10067114093959731	7.010349734826276	0.45310463602751205	-6.232633367802091	-0.8079481388697497	2.347305364479879	-1.9656951612706617	6.612202432059816
0.12080536912751677	4.915033992418346	6.528303282327883	-4.832792109917506	3.765483037168592	-0.02593302258526592	-3.7172962059736703	8.60164160962368
0.14093959731543623	-0.9452096635344148	11.735613170210971	-4.541126963807782	3.5968629550025013	-3.6559996028703488	-5.22414713601787	11.392452129586792
0.1610738255033557	-8.694929407613909	14.930114896388806	-6.389824469669671	-0.2927637346789126	-3.087417899691007	-6.546376743178768	13.852352883177824
0.18120805369127516	-14.602424085227078	16.552241612233342	-8.78564305830823	-0.8034907727838684	4.877622113507286	-6.154617382566927	14.301511529372474
0.20134228187919462	-17.736891456750413	16.991912561927005	-9.747560390359231	7.126649184089009	16.570944288917996	-3.5838251830165584	12.134675907933326
0.22147651006711408	-19.949533080990694	15.644343843624977	-6.678360369538842	19.190809050927502	23.214760183923996	-1.858325071198007	6.849212039912849
0.24161073825503354	-19.224452201711895	12.146173193300935	0.6902486167999129	25.74964379099509	18.910996661044702	-3.0114461317231944	-0.3335774499536112
0.261744966442953	-10.700416975384881	6.181981658401045	7.535927267075293	22.864325958994325	6.619042796353129	-4.056769264681866	-6.509704943510854
0.28187919463087246	3.8854287083849823	-2.2369957040323536	8.605987322079114	14.500025922625955	-6.154220430237534	-1.665257222225512	-10.48896100100387
0.30201342281879195	16.64253959153265	-9.213301536673027	5.099718629569518	5.677239076682187	-13.445169010320623	2.8328977800230204	-12.686383471596587
0.3221476510067114	22.4820421779725	-10.27839500870513	3.879215045330321	-1.8373259973419962	-12.177282156332456	5.983157268401318	-13.552518141930536
0.3422818791946308	21.715594644621792	-9.234166849483351	8.755398340762065	-8.913763885666526	-5.229248905611393	6.495715547322868	-14.134482165175797
0.3624161073825503	16.84351404250376	-14.531045461006952	16.437626719340994	-17.05933779410956	-2.364731497996074	6.215746892523193	-16.64183903404674
0.3825503355704698	10.373898248991084	-26.952578148655952	21.75396687445539	-25.74777675253227	-10.213386269251728	7.483462634579689	-22.32728857392874
0.40268456375838924	4.784294533810179	-38.421231564302396	22.04847029080084	-30.41608069136605	-23.408563832070072	10.51261199829322	-28.774726747197086
0.42281879194630867	1.9931012453703745	-41.12741395557461	17.629331312074743	-25.732764362473993	-31.535031385963983	14.47751893267141	-32.10427489985118
0.44295302013422816	1.911501197804459	-32.866931661741546	11.928177016844199	-13.564397249008575	-30.91028132313331	17.838214636347008	-29.905844198379643
0.46308724832214765	3.5446322171513764	-16.64912727997466	9.558511201332859	-3.15540870925997	-24.956679948912466	17.737754161935825	-21.381994688523555
0.4832214765100671	7.119358250796163	0.2030270146124814	11.390457250327097	-0.5883949953222777	-17.11529649945367	12.42365669057211	-9.833941727489673
0.5033557046979865	12.086366461566369	8.867369693539052	12.280850313573007	-3.8832600204583243	-8.72416054640095	4.104129135271566	-1.6560448714073097
0.523489932885906	14.532724891989371	5.611468577296315	6.861813932640901	-8.379893235191576	-1.9020191313446522	-1.4505181215652125	1.5635520103109402
0.5436241610738255	10.734402217756593	-4.587379917990016	-2.70257090637193	-11.108744967457316	0.8023656458700271	-0.5786794143409419	4.412537655741297
0.5637583892617449	1.7205667920297505	-12.307920558884394	-9.56453475293504	-9.841512419897755	0.5616535426028197	3.7248915261415876	10.39175362402738
0.5838926174496644	-8.68519142763049	-10.182235758283403	-11.279112300661032	-2.694175308704257	2.6821231511242125	5.718060401338559	18.216031725402853
0.6040268456375839	-16.89616665240438	2.2454290690013208	-11.011810456204367	8.21120690271709	9.781742244579304	2.570855631120227	24.616115485160215
0.6241610738255033	-20.971806488586886	17.64938511880177	-13.118848725259213	16.817033918215703	18.120472318576933	-5.205199077483747	27.665907257362573
0.6442953020134228	-22.575895620748394	28.15764514309934	-19.04334772114938	19.400080090076283	23.223523905998505	-15.492098625919375	27.326599036518097
0.6644295302013422	-23.407182105120764	32.414316787901726	-24.279278413766274	18.024740668076966	24.35344650859391	-24.593933660726442	24.00568062908262
0.6845637583892616	-21.26092066949419	32.671101097667304	-22.995577513994206	17.798409257092285	23.97380177928738	-27.893190834531254	17.30202173652594
0.7046979865771812	-15.515806067202133	29.37089447637626	-16.987327932041246	20.454172980850277	24.419083511305956	-23.776280541560673	8.19351401590604
0.7248322147651006	-9.874728774987378	22.616675467134964	-12.987675658308772	21.09953550296557	23.998676683117015	-15.353923097042843	1.9571696614392442
0.7449664429530201	-5.801628623718903	15.496591909271071	-11.541593352619328	14.454649957142776	20.70106857331302	-7.609072661032026	4.3481232277123505
0.7651006711409396	-1.6569903353358675	10.675757118744714	-7.652488103001225	2.7031522512543833	16.00088812730511	-5.026668849647437	14.819626080404817
0.785234899328859	1.7858434471372697	6.1657701952637725	-0.8210403897420289	-7.262662290212961	9.081318013696647	-7.778019114813108	24.828547227439245
0.8053691275167785	2.8641120141864715	-0.48645072479527507	5.0601824032002645	-12.47756384312334	-3.027608472300648	-8.950691784640723	23.39284457861725
0.8255033557046979	2.8059675435580584	-7.816518747434704	9.241872296053815	-14.986942407939988	-16.517513148302896	-2.461560418956373	8.071491310336782
0.8456375838926173	3.170943309053469	-12.855430854456804	13.192284174858594	-15.839420578687042	-22.787912226873424	9.102142233109605	-11.425477021309911
0.8657718120805369	4.4242334454438605	-14.4989663954207	15.184110137211293	-12.82069936219008	-19.80730755574747	18.914797998582046	-23.1148755407231
0.8859060402684563	7.779606377954	-14.329873722390088	12.986199593958661	-5.591394481298505	-13.628887442946064	22.10399351936366	-23.09570849302962
0.9060402684563758	13.391221139904248	-14.185084669504361	8.870686251259274	0.6663045803731377	-9.764142745575809	18.716198548476406	-17.448992177602477
0.9261744966442953	17.890323146735536	-14.37951041870165	6.96764229492322	0.18193978641865569	-9.061479697746577	13.683438354265641	-15.625676014132537
0.9463087248322147	17.76964531277717	-14.773828656420935	8.981914377647211	-6.048007646116629	-11.362998659080946	10.514844829553343	-20.395576276359634
0.9664429530201342	14.45556264940505	-13.96275184100029	13.718591760481354	-9.97882554652293	-16.568658954915502	8.599904880465298	-25.488751306092652
0.9865771812080536	12.921949595183786	-10.34852620293867	16.702788182729623	-5.286477855368251	-19.88584597443449	7.266830009693105	-23.981073566015723
1.006711409395973	15.096902929326244	-5.661583491235182	13.051989640055606	5.053298754508837	-14.674494897589794	6.503888189875114	-16.25285421355322
1.0268456375838926	16.526981175018737	-1.9695038432588374	4.902062094931093	13.008671954057746	-2.6262934798808275	4.771548842225095	-7.470355143490184
1.046979865771812	10.939695407360263	2.366000991244017	0.12224843605992503	14.226788848332408	7.830940206020206	-0.5272046769601253	-0.6829171495465183
1.0671140939597314	-1.692940863241366	9.22815260140766	0.8587733008384122	9.38438716823389	11.576738868488498	-9.721987398476886	3.625002935858539
1.087248322147651	-13.905475316027925	16.889366474964543	-0.07250797563067835	2.0150642189457293	9.777096077156113	-18.394004801880264	5.727293948416087
1.1073825503355703	-18.77357529930614	21.490069893423307	-9.289935639388412	-1.7243068432944146	7.633743827639848	-20.66681008099235	7.978063301677271
1.1275167785234899	-16.89582119887768	20.759231389820965	-23.96523424650062	2.776187858312992	9.589239464644544	-16.42329776920468	12.868223951114102
1.1476510067114094	-14.561872264676389	16.447272044490074	-34.80431897525787	12.395130188059637	14.333385281257053	-11.644571671500373	19.129855508551948
1.1677852348993287	-17.356748009073385	12.298039826950431	-35.14799262715203	18.90561566961856	17.482686977379817	-10.64553216775677	23.159384424703585
1.1879194630872483	-25.699598819215947	9.17605771596631	-27.156469676934236	17.24686826195023	17.701977928655364	-11.868108043730322	22.87950906567749
1.2080536912751678	-33.07554868409328	5.260533234673777	-19.506533713748322	9.189860412932843	16.44814935650716	-10.835967652919706	19.175894345743515
1.2281879194630871	-29.785618045640984	0.4840398635301771	-16.354938447815766	0.6235094844652197	14.203840487591659	-6.113820656948371	13.826037533680191
1.2483221476510067	-13.689507271980046	-3.907306536194299	-12.677878133027873	-3.691261672409761	11.088387884872073	-1.5869172379821073	7.554147078727778
1.268456375838926	5.363791707280196	-7.905330184957244	-3.8913450271440198	-2.4320742472202377	9.074558651039768	-1.0608884037127726	2.2365920153419756
1.2885906040268456	15.948387042356492	-10.731821452761789	6.476986950086944	1.8718689443419172	8.607013026103347	-3.5905316775421676	1.0543933129128567
1.308724832214765	14.7548892693084	-10.171293802658417	12.402655973834381	2.537868891048967	6.027024631761599	-5.077789079981682	3.707627090457496
1.3288590604026844	5.767075547427591	-6.528987135948964	13.965826344952555	-4.957145601491686	-0.7374581424172805	-2.0339553100977374	6.042680690813078
1.348993288590604	-1.5903708136907713	-3.23521763737281	15.432093268848151	-15.699113908428284	-8.350085379458468	5.272588390354259	5.102167614316731
1.3691275167785233	2.4208574757231696	-2.3666128880049273	18.039596856267284	-20.924468005208936	-13.14316137274597	12.379589727506701	1.1064554042205907
1.3892617449664428	16.653655939499412	-3.2731103569253657	20.347323575983207	-19.443197516139215	-14.732483042055618	14.82989709724676	-3.8902672468733943
1.4093959731543624	29.92927417024867	-5.771905196349457	22.51492112574709	-17.367128984983534	-13.212556914487022	13.395616217352407	-7.77952657934306
1.4295302013422817	33.93282308542324	-10.375983443185765	24.381574593787068	-17.04279611796259	-8.87544561299196	12.396425177663597	-10.201465586395248
1.4496644295302012	27.4403716633979	-14.366730174865266	22.85179348859193	-14.337399134916216	-5.573978238619694	13.68784559893731	-12.25866292782932
1.4697986577181208	14.15954951794593	-12.82625105921768	17.298918213971707	-8.20478828081917	-7.76878508396618	15.640936601453825	-14.795174513391274
1.4899328859060401	2.3581976622832337	-6.065157204991016	11.167245928255447	-3.559186741082448	-14.111956481859721	15.034995535167667	-16.91000675414189
1.5100671140939597	-1.520119870222723	-0.6520893989649866	4.556338882575014	-3.4818347283873448	-19.130228661053515	9.21957922204451	-16.079332135720463
1.5302013422818792	0.04098870269396432	-0.6910291228570944	-4.300625866710611	-5.479109256377241	-19.090387521022933	0.450396574962457	-11.340312748429142
1.5503355704697985	0.10026485038810423	-3.2801182198012535	-11.850693575895196	-5.723848261447313	-12.791478950060725	-3.387041227032568	-5.163777264952478
1.570469798657718	-4.867507791959157	-3.049784517345816	-14.249116456871795	-2.9467297557978154	-0.44072171004968524	3.0811986955772825	-0.6784176573683699
1.5906040268456374	-13.15177955474161	2.609294935728289	-14.279125679523595	2.1762417373971146	13.904193676010507	14.398262617592325	1.958070008624313
1.610738255033557	-19.978666450479558	10.956682284984922	-16.299898701072802	8.795881768601369	22.04852957269449	18.978833313028453	5.457970426089175
1.6308724832214765	-21.803265730939867	16.090958551379135	-19.600622058375528	16.084382596737058	19.557743538876476	11.622143067920646	10.913855341450107
1.6510067114093958	-18.88994836131614	15.585151246581713	-20.69484111885816	22.02064440710961	12.219600500658029	-3.2682019412100383	15.809464114864946
1.6711409395973154	-13.58517636288593	12.852168318095291	-19.02267284878556	23.59982858115617	10.005743716488677	-17.697819650665064	18.601478281970127
1.6912751677852347	-8.03446679303208	12.697364527675187	-17.541955592509574	19.923935349236654	15.737527969129378	-25.043012305101946	20.00567194544991
1.7114093959731542	-3.9672697772454124	16.85508834547563	-17.87963431831998	13.02874930659478	22.419167603995945	-22.285123695988315	18.795981614793657
1.7315436241610738	-3.893483534646886	23.69524233563468	-16.896797800708125	4.327348853710611	20.725242698384335	-11.782438136440726	12.573181378745145
1.751677852348993	-9.221122681464498	29.065784042200267	-11.181629609030937	-5.617381408917416	8.714088116891855	-2.5324504291106544	2.750198067896611
1.7718120805369126	-15.312083133253145	26.87301939908915	-3.7563830753911986	-12.687778125894532	-5.0450740573682955	-4.199142902144502	-4.870024327188561
1.7919463087248322	-13.638699740039304	13.696452234174446	-0.7498863678972327	-12.209789670047332	-10.307857760282353	-15.488064932421864	-6.029474892756185
1.8120805369127515	-0.5391287850621498	-6.123882372947063	-2.238988958345863	-7.533474149996571	-6.62650478434903	-24.104834883456036	-2.6319820935157123
1.832214765100671	18.921983179167604	-23.416872237099295	-1.4060846927848374	-7.344546450801082	-2.145411726674338	-19.641539031934236	0.09927042869463673
1.8523489932885906	34.18325607128263	-31.22478680927632	7.019577606767388	-14.10923810506527	-2.62540291485267	-3.3918579058232927	-1.3876711577052765
1.87248322147651	36.38369985673815	-28.86913437590146	19.170037164532868	-20.776633460221493	-6.36480725429177	14.095176085784644	-6.50230528638347
1.8926174496644295	25.713563240243968	-22.885038910973684	25.995768852073045	-19.551442916429956	-10.636976011432665	23.99871860881227	-12.666853982718283
1.9127516778523488	12.167187878518302	-21.96359569496311	24.22631138379976	-11.243648378815825	-16.441405007706265	25.519102869026472	-18.959462193907537
1.9328859060402683	6.468825764794021	-27.25180004819786	17.644591271423142	-3.7085505351364874	-22.456818528774736	22.75750568167019	-24.395780472096597
1.9530201342281879	8.869134232716009	-30.412791388036307	10.98704137597217	-1.9462831383176116	-22.72004934225815	19.163032260230516	-27.316643016353915
1.9731543624161072	10.7226268983943	-23.80265945874478	7.982035752342309	-3.6618103689848764	-16.16990362773125	15.066570784648343	-28.25670008932731
1.9932885906040267	8.087589451556713	-10.241156865481962	10.6346918577054	-5.741288113199967	-10.656438603736971	9.464308143352207	-26.78481123840215
2.013422818791946	5.916442832030992	0.5601832230104148	16.91539233543698	-8.436211345906205	-12.198696947463487	2.4698536332121614	-18.650827161950705
2.033557046979866	7.329767454238331	4.168499732940955	21.526484896615973	-8.881014063819523	-16.582341770453652	-4.202585687053902	-3.0204678095855995
2.053691275167785	7.7533825534586445	4.831532478091066	20.49744383830178	-0.17548088701634568	-15.166724642722034	-8.114783181250273	12.507717102035267
2.0738255033557045	1.4975043196150986	7.456940680506155	13.916216250921098	17.410492823767285	-5.229892924154995	-7.764092383576112	19.814253867209732
2.093959731543624	-11.107839620880238	12.921851060305588	4.217459400003882	34.26166270715288	7.004351780684881	-4.061331029460162	19.24092225357552
2.1140939597315436	-23.71543231448153	19.622169626948708	-6.023495615227251	42.64018610859006	13.050062648041227	-0.4371055307797949	17.641254555023146
2.134228187919463	-28.815005008950475	23.92989733690008	-14.379364935817101	41.489627691458736	10.216756656487705	-0.6550695151488231	19.467830006710322
2.154362416107382	-23.776850265447116	23.018742047366565	-18.747665054035416	32.76303928281135	3.1418518795350994	-5.67229890664967	21.955107218446525
2.174496644295302	-14.358975152288734	19.238024487360097	-18.716761269310503	20.403893273102934	0.028976333103546192	-12.723787918576122	20.131044121526834
2.1946308724832213	-9.42785194451158	16.55067866528503	-16.623773811038568	10.036861550004714	4.931284335249877	-18.611374106199673	14.137022836224823
2.2147651006711406	-10.876567644621543	15.300320004344126	-15.841501329403762	5.097426573717111	12.495981734984918	-22.731331975020773	8.24607636086908
2.2348993288590604	-13.159027361779998	14.101692927602652	-16.848481481615188	3.613014512913956	14.662598976297234	-23.993007791783775	4.273468002597579
2.2550335570469797	-12.919233264105337	11.615835259886852	-16.0368881659985	1.9674278102703224	10.106073660759735	-18.880055949542957	0.18878638886589724
2.275167785234899	-12.718735649826918	6.312771084879199	-10.081472394260025	0.9180503178175025	3.5798120817268972	-7.205943906654043	-5.158620722123227
2.295302013422819	-13.24476012302971	-1.0061575980548672	-0.6028949989176677	1.5455243726552168	1.862638655489595	4.546103901765073	-9.682284790664237
2.315436241610738	-8.63507126622773	-7.57545050306681	7.831205795725998	-0.5114833305529013	8.326845201927771	9.651826999150876	-10.702181699744004
2.3355704697986575	5.741451106248444	-13.081972138670418	13.159635297751839	-8.970916048389235	15.158166525696979	8.672942218648986	-9.076841284365784
2.3557046979865772	24.175383004997226	-18.70214071662146	16.134692928773692	-19.83279653309494	9.858930052628075	7.434723217223884	-9.615931146965304
2.3758389261744965	33.932248791775706	-22.559614212419188	17.620836155393935	-25.075980704752677	-7.3984510842916835	8.974541490335818	-14.758531033551776
2.395973154362416	28.34547511749098	-20.91071032637915	18.609949688453494	-21.39564820436544	-22.944244337278427	11.845227289042437	-20.60724946244121
2.4161073825503356	13.861190801676985	-14.117535559387683	20.42157123286732	-12.754300364105585	-26.50521331606989	14.105016927849206	-22.481915532061507
2.436241610738255	2.6868967632418213	-8.741403445563149	23.112552819743474	-5.84091563922616	-20.419093157246582	14.078876249403496	-20.3238362933687
2.4563758389261743	1.0905853718588348	-10.053713024898306	24.004629298221065	-5.061837092794513	-11.466878445011197	11.431136991516158	-16.44667997360787
2.4765100671140936	6.571441194532343	-14.775791581507868	19.599846432038472	-9.517038524625177	-3.9642347200533767	9.126239474727273	-11.916307165483857
2.4966442953020134	13.088274160057054	-16.72166707299979	10.723109589014188	-14.25535032981632	-1.4585800877794566	9.073274738934296	-7.094826321447871
2.5167785234899327	16.15255027266738	-14.994965408142484	3.0427366946522163	-14.67665741363042	-4.555733144775199	9.247420182687751	-2.749620591907415
2.536912751677852	14.53448574732302	-12.106088321838554	1.3554854778059244	-9.239599374947206	-7.465130899246486	7.795796700524812	0.54330464787357
2.557046979865772	9.200594303014997	-8.470817161968203	4.72217507480769	0.7465108985126833	-3.4019419940957136	4.7748445497971685	2.833279183069888
2.577181208053691	2.1803095744016514	-1.6709436810193052	6.501855727785253	12.4511780227582	6.374842748115136	0.4928828413269201	4.584625184121642
2.5973154362416104	-3.3000785962322676	8.727542641203193	0.46345638806704414	21.076736140355845	13.119504562142504	-5.0893168721304525	6.0188571384217555
2.61744966442953	-5.459042471568965	17.20314025258245	-13.017572595190556	22.08715529648509	11.984595791792753	-11.743517847487368	7.520074519932071
2.6375838926174495	-6.937750474451592	17.469089215294073	-27.662893280046863	17.201068054179967	8.444547579661505	-18.101042343809247	9.964420338298275
2.657718120805369	-11.363254855092734	11.622941793762319	-35.74890388557374	12.511795578283913	10.546036216735228	-22.67899271475862	13.271725086124
2.6778523489932886	-19.153467018201233	8.207871091366574	-33.74714499147884	9.998935948634287	18.901006905168003	-25.678162189819485	16.772209326467145
2.697986577181208	-26.639774959717048	10.63436502168834	-25.81200127737557	6.802570747060078	26.709378698900718	-27.807739494471484	20.07541097940148
2.7181208053691273	-26.989194286483905	14.160040439325865	-19.33255941721304	1.8946950671561829	27.306592973898642	-27.575453509453677	21.77377277430147
2.7382550335570466	-17.453333443815392	14.535928798675496	-18.22637934381745	-2.4976539556081243	20.642158273063014	-23.677295571907347	21.068873192804375
2.7583892617449663	-5.158565766866898	12.65546026696914	-21.370179763198614	-5.74740925093644	12.07456216442033	-18.037965778156753	20.17877929570036
2.7785234899328857	0.23526935105739033	10.73586341174082	-24.616566375888205	-9.085783295564866	6.20223818935693	-11.05163161697736	20.87790151281731
2.798657718120805	-4.016781406752764	9.153163395596609	-24.133850665020756	-11.202727770539356	4.313590584437494	-0.2627578004698623	20.847438718627426
2.8187919463087248	-12.54035236880138	5.802894185960491	-18.06580378435694	-9.094353349189827	4.941518538630697	13.051069587900011	15.978020853170603
2.838926174496644	-15.694904499626018	-2.307265650358045	-6.5365809752726545	-3.8956309165068785	3.9087052404330627	23.375335355420397	5.5276893787252765
2.8590604026845634	-8.228730133892595	-13.84093623860356	6.509175029477902	-1.7857871722349976	-2.5543694089808597	26.69113495808284	-5.3104661869434215
2.879194630872483	4.744178835718936	-22.400285226634313	15.00080409573241	-6.9699936527180535	-12.548445360586731	22.862786004185672	-10.401581525840307
2.8993288590604025	13.956859813034093	-23.789478529135515	17.90643444260211	-16.681030781674803	-19.729361146294757	15.129885008532776	-10.362472629521214
2.919463087248322	15.429255193926455	-20.334538077438307	19.712955422387136	-24.475855846374397	-21.02570337579734	9.8243381380581	-10.539028942541643
2.9395973154362416	13.093240257901245	-16.381750361864217	22.568567265700644	-26.418336641214317	-19.356981125626334	12.40021718568084	-13.02586431964253
2.959731543624161	14.003478593404116	-12.33430815682736	23.07579559453885	-24.441254339884004	-17.798381285768322	20.505458258173412	-16.328641121550433
2.9798657718120802	20.680062249475053	-5.860564591981896	18.00897932036074	-22.631465626130247	-16.624701190771525	25.15466281322444	-19.28503774574
3.0	28.718169966731562	2.202869327344458	9.58248201879377	-20.39991172204798	-15.917661652276236	20.464279625502122	-20.63225731804332
