Date: 	2025-07-01-
Time: 	1046-55

Picoscope code: 	1111111000000000000000000000000000000000

Max potential (current channel) [V]: 	20
Max stack potential [V]: 	20
Max cell potential [V]: 	20

Cell numbers: 	1,2,3,4,5,6,7,8,9,10
Area [cm2]: 	195
Temperature [degC]: 	50
Pressure [bar]: 	0
DC current [A]: 	1
AC current [in pct of DC current]: 	0.4
Shunt: 	200mA/200mV

Run without potentiostat [Y/N]: 	N
Frequencies selected: 	[10000.0, 5000.0, 2000.0, 1000.0, 500.0, 200.0, 100.0, 50.0, 20.0, 10.0, 5.0, 2.0, 1.0]

Time	Current (as voltage)	Voltage1	Voltage2	Voltage3	Current (as voltage)	Voltage5	Voltage6
s	mV	mV	mV	mV	mV	mV	mV

0.0	-0.1825992487948562	0.0839802452263217	-0.3401585162149103	-0.17242463192851265	0.010786453515291576	0.114028222876118	0.6405023290130244
0.002004008016032064	-1.3578159468064745	0.3432787539940687	-1.978001262711538	-0.9076592892902593	-0.3164000612700161	0.34240540088984756	3.1240915693837445
0.004008016032064128	-4.622114384758974	0.9092245963487787	-4.898984752290599	-1.6009234601253608	-1.1021075253456614	-0.14677882904101908	6.141262625426844
0.0060120240480961915	-9.447723744126618	2.3180368255189268	-7.446117941413944	-0.13234576095011275	-0.5811836212201955	-1.9514283391110323	6.016201596727674
0.008016032064128256	-12.1281764486065	3.739494375407839	-9.065785433078458	3.6416225780626137	2.5285452914123163	-2.8845145494671316	2.679301169755737
0.01002004008016032	-8.275868541093294	1.4467546580570085	-9.229628114446394	5.1855575389492685	5.922578930186308	0.5127637747782192	-0.05138202734729991
0.012024048096192383	1.5558324485176167	-6.306124227546692	-4.593041310809094	0.17608293403621988	6.931172825640123	7.043089181736664	-0.4539843446644708
0.014028056112224447	11.772807802671561	-14.493964693505426	6.002876228734849	-8.028326806509995	5.175283351009109	9.862930045071327	-0.7657966577865886
0.01603206412825651	17.405526222922962	-15.61946946145185	17.8394759810954	-10.456451915734887	-0.07822655031707537	4.823626296417539	-4.073916660682756
0.018036072144288574	15.744028321989136	-7.968591521008678	25.107144978637482	-4.25059760765358	-10.087213213211937	-3.5225372704960636	-9.253740695963593
0.02004008016032064	7.153069513079696	2.1650597943925267	24.872359581306082	3.118645341587884	-21.817996854694947	-7.566374954009983	-11.360013716398562
0.022044088176352703	-1.8820352320776725	7.5599537357066176	18.43416176928464	4.547212544875627	-27.670020531296817	-4.429969726987255	-9.987688982213623
0.024048096192384766	-4.414553602950521	7.17187125091275	11.455923184963877	1.9466253118084982	-22.214336563082274	3.324093233319698	-9.970069641501215
0.026052104208416832	-2.428316620538583	4.2796840192462895	8.371129533388388	0.6991949512232533	-7.013350723542959	10.152179517969177	-12.09746822651814
0.028056112224448895	-2.6701364490785013	2.1397862191520116	7.050120683935671	1.2963091565900182	9.692415479794857	10.677657641856078	-11.510004869238383
0.03006012024048096	-4.711531629144801	2.2189442317171193	2.608665582077339	0.39221767189521006	17.89730263580878	4.5148927352538335	-5.340649901733103
0.03206412825651302	-1.7597537413412618	3.3159642314015962	-5.973533957163874	-3.4933274628026627	14.058010817726737	-3.0228664917827794	3.7539106845249766
0.03406813627254509	6.464394306623692	3.746044765607126	-14.735325936630101	-7.996301918619061	4.4779844735009275	-7.3157141317973595	11.062242171807139
0.03607214428857715	11.269405265520172	4.295199331517468	-19.193499841601987	-9.295282429959263	-1.623646690353218	-8.431119306047966	13.340528319030481
0.038076152304609215	6.526825595595932	6.431288005361337	-19.56635321422149	-6.013678695098731	-0.9184360606479157	-7.453057158113592	10.831821272991546
0.04008016032064128	-4.73589674863393	8.260964058052402	-18.576984807127335	-0.6651221837084728	3.387394555731209	-4.265364880891565	7.336607805432989
0.04208416833667334	-13.636379799899345	6.4157523479145	-15.31987648285428	3.913030931093302	7.087827930090511	-0.6412424643717827	6.206534591040194
0.044088176352705406	-13.359008502642359	2.3521238852029716	-8.574515815028104	8.265441225238801	9.490329150911284	-0.3742159692215877	7.475158637163281
0.04609218436873747	-6.5898555762826	0.8764910447203093	-3.707799409419734	13.906232029591994	12.277573367145385	-5.186187184187943	9.241529387549333
0.04809619238476953	-2.087920136466847	3.5518127842099365	-7.047748224007731	18.54550912363505	14.653547711977215	-12.875754336539435	9.74783232328287
0.0501002004008016	-3.684368324897638	8.079730759208198	-15.278416419417013	17.419573208006103	13.32363422161461	-19.097375409522005	7.752776567177847
0.052104208416833664	-7.48286388414745	10.909910310075382	-18.478612311629032	10.314274330544578	8.004956170199069	-20.14378314222777	1.660699830068118
0.05410821643286573	-8.221489197129122	9.663358374718998	-12.843971265418542	3.9411896171670193	1.691393849850054	-14.89203303992998	-8.271068537867636
0.05611222444889779	-4.902934092182944	5.852721474969146	-4.345950705147939	4.498605523819496	-3.5035971974013735	-4.787099210821782	-15.630851217468724
0.058116232464929855	-0.4012525662618491	3.330166902185234	-0.5752729554833518	10.124000311056047	-5.64629246207356	7.2687734491039135	-12.233635155539385
0.06012024048096192	3.16808937891464	2.8715938698191334	-3.281721620440294	13.668682238369836	-3.1871682915745554	17.32672568259702	-0.24331193948291852
0.06212424849699398	6.406526416127296	2.2366591936048192	-7.998514305609569	10.182019246262692	1.0521283104458528	21.83676832278292	8.54290171786243
0.06412825651302605	9.917269282118136	0.8798566681327069	-8.180574305906442	-0.793417142576308	2.196755309841219	19.74876904734261	8.263709807685721
0.06613226452905811	12.120714482564427	-0.7982481389591426	-0.48345045604818593	-15.281599754308408	-0.24041152629957707	12.857604640873104	2.962320088341233
0.06813627254509018	11.880593617921539	-4.569799914979228	12.24171578361447	-25.247288064041495	-2.27383683661957	5.663339280443767	-2.750454686559893
0.07014028056112225	11.886916534676313	-12.826543474865627	23.350877756869014	-24.759283211903714	-1.9402849261337556	2.7592797966327227	-6.240028203303069
0.0721442885771543	14.242596554427012	-24.895329825211718	28.073358251996776	-17.02965760510113	-2.9827387938216026	4.05532719551269	-5.918884276132889
0.07414829659318636	15.2064098132827	-35.28185918541794	27.227686313285016	-10.655306074484264	-8.832384082372414	5.356968097663715	-3.0699912641895377
0.07615230460921843	11.20900359672046	-37.481683584289456	25.041234010567212	-9.39842016588391	-15.703157055626752	4.221855590753612	-0.12009262333377724
0.0781563126252505	5.608732784571291	-30.60971826529321	22.915687861707635	-10.459573024949853	-16.103032795474892	2.1710792650691593	2.400982015111128
0.08016032064128256	3.143174101878794	-19.42610975668915	18.852315598790252	-10.703874689693775	-7.810194413601056	1.0457899554945798	4.718133650221583
0.08216432865731463	2.3041115660342	-7.984864972196725	12.827348350648732	-9.233299111275866	3.759041574977741	1.257370220490632	5.028295569210211
0.08416833667334668	-1.546968644427588	2.9164420410292426	7.0127209113213125	-5.409972760791273	11.901881889159098	2.824131396178079	1.4836170515816285
0.08617234468937875	-8.148228185842394	11.913406151303935	1.6246235162980558	0.36693238431037745	14.288869913165518	4.5905086900460335	-2.635890568707876
0.08817635270541081	-11.609171367996911	15.773496246178674	-4.462946972225095	4.124956432477424	12.476269262193382	4.709039164257972	-1.6292871786455407
0.09018036072144288	-8.23087537601523	14.335126216450861	-10.329838318358705	3.0378544669875787	9.577639046448608	1.9365679639044686	4.223744179398047
0.09218436873747494	-1.6038679927351642	12.600542143781313	-13.578828987944089	1.1724447411715868	8.147827097011008	-4.490516688207081	8.440413590876194
0.09418837675350701	2.411267175926597	14.865627386524709	-13.647229087898932	3.272838895374824	8.26452455511233	-12.826431570650811	6.374559129159605
0.09619238476953906	1.527322827622424	19.094047259597893	-12.958697442130818	8.473193890892235	8.079722624608063	-18.41495652128669	0.8232465027215009
0.09819639278557113	-3.31495088021429	18.928293529224852	-14.093186825068852	14.540301688937415	5.598299990461112	-19.091761355972302	-1.4922033844606313
0.1002004008016032	-9.10905639453747	10.960243239634714	-16.398788983950123	19.928473428605606	0.8542501380790216	-17.549486974188834	1.5266832198781408
0.10220440881763526	-12.384188428110082	-1.549111402660104	-16.995951392325633	21.230329921260534	-2.170320686430167	-16.00402503509165	5.2177707019051045
0.10420841683366733	-12.140268542941774	-11.997340620903046	-14.740884783900366	16.86848116662348	0.785053094869487	-13.089068851988483	4.578216024600156
0.1062124248496994	-10.264831911997446	-14.491420237196891	-10.826694490533708	11.384795228422636	7.3689005818436275	-7.073481288273965	-0.49201652285672826
0.10821643286573146	-9.953392781663565	-7.896559924519785	-5.985674853127702	8.771007015233156	10.234432101962078	0.7823534059102226	-6.128847242042482
0.11022044088176351	-12.354184200008891	1.7100723619696088	-0.2169457184435585	6.3687099184143	6.282011473100543	6.340592534982591	-8.150994127066678
0.11222444889779558	-13.65980476001717	6.830912064170372	5.860781771122104	0.7121272170899376	-1.1843759523375352	6.678931140184887	-5.295402918411423
0.11422845691382764	-9.188148508952839	5.23130220199679	11.64689380890892	-7.457160692115966	-8.485051626001079	2.769713956743277	-0.6709110329776743
0.11623246492985971	0.6185414665732608	-0.23065913805949528	16.4680452044843	-15.117101913155121	-15.027866145481301	-2.126495985037889	0.8937739163486763
0.11823647294589178	11.345312452323252	-5.570273146817673	19.031568949827697	-18.803325420695245	-22.142258703306393	-3.4796499997247805	-1.9434308128155746
0.12024048096192384	18.91512854150134	-9.411768333635914	18.719988226041632	-16.65497139034731	-29.395178051372948	2.4767379055187435	-7.292723156069593
0.1222444889779559	21.622458721945474	-12.635625100165734	16.043941798533762	-10.383867154536153	-32.64682248338636	14.170401542513828	-13.667305035253424
0.12424849699398796	19.652568847788682	-15.757783884180883	12.052553611555181	-4.671976416210724	-28.833409257819536	24.47610765865201	-18.854425537150526
0.12625250501002003	13.796091089652133	-17.38206171103463	8.134690859116288	-4.427573105042088	-20.78583056639309	27.54271775274901	-20.07221361193495
0.1282565130260521	5.885989490204524	-14.894281451434411	5.737333887533436	-9.365521809905271	-13.01107673826961	23.80256833282063	-17.259524183449034
0.13026052104208416	-1.625830404146473	-8.10145527424276	5.493900541896788	-12.544511695828062	-6.067687428296094	16.796541026597463	-11.601395482187879
0.13226452905811623	-6.998291144734097	-0.32324480731207367	5.330563736622124	-9.361338956412203	0.6900373463429591	9.753218730950625	-3.9633510123327262
0.1342685370741483	-9.135301624364521	4.444864526572264	1.4966990852794873	-3.674073690480725	5.823153808427456	5.002450636742505	3.2218200327672175
0.13627254509018036	-9.215428958558972	4.174262532670237	-6.468532255792815	0.037092688525927175	8.005338076983358	1.6771283256544571	8.091813891012832
0.13827655310621242	-10.290380677076843	1.4731100706237756	-14.813544771839574	3.083118425149106	7.495322457841138	-3.2426118923868605	11.741447347717749
0.1402805611222445	-12.24587235999484	2.5717099132201287	-20.06568705154262	7.63057356368151	6.037475251754464	-10.041545984087843	14.215655338468341
0.14228456913827653	-12.682658012826264	10.046941545376699	-21.1031513341719	12.397298582394713	7.322201384594499	-14.884503529375523	13.101862070392256
0.1442885771543086	-12.16939916280936	18.789824046127265	-17.488512404478893	14.669948108888486	13.143965395467998	-13.317034922219829	8.40791618119788
0.14629258517034066	-11.784544714079187	22.71448414377493	-10.592182662541864	14.245707326737193	18.040366586546376	-6.165286991979213	3.68995018764498
0.14829659318637273	-9.775907948868364	22.678382015988394	-5.3523905598859445	13.407963222754876	15.368271128060554	0.08263233785348519	1.811462788209127
0.1503006012024048	-5.400091852792	24.127577521046444	-4.969093028245486	12.43805592584373	7.340788623939159	0.9467109040628696	2.583297836420037
0.15230460921843686	-1.1931609352969177	29.480671945285145	-6.168010308163338	9.361113987589679	1.2443705061571935	-2.0928961143961855	4.4440717245180394
0.15430861723446893	0.1658124490934754	33.76853957088796	-4.4868816057188985	4.46703379482277	-0.2334284081806456	-5.508056101336954	7.112903484418162
0.156312625250501	-0.8950431609987265	28.122334846898852	-1.2808607687585585	1.3242293872636743	-0.27789383392824163	-7.283525926657803	10.689393134155118
0.15831663326653306	-0.746757365023879	10.684475160271411	-1.1086435936352206	1.4556833537975429	-2.946928922041751	-6.936935294880986	12.76113738099346
0.16032064128256512	3.847772627205073	-8.75286927328424	-3.7152374131749286	0.7088826635348039	-9.140037588895488	-4.935132158109183	10.955325178141761
0.1623246492985972	12.288552280967984	-18.577165263820618	-4.008813815282569	-4.733719968038731	-15.69547639154874	-3.303652209684727	6.8842134320561055
0.16432865731462926	20.92662695281415	-16.489302510887434	1.0077859221180365	-12.53058270465669	-16.842965059629382	-3.751419974312916	3.7036155406425237
0.16633266533066132	25.98335842233677	-8.780565775356287	9.465481490225768	-17.84760785889052	-9.901559314801315	-2.8448831073017287	2.5521271059619224
0.16833667334669336	25.548186606425542	-2.9499923929232295	16.87507828593218	-18.37985356401496	-1.1348037333062964	4.425282634681795	1.6129189838961668
0.17034068136272543	19.570520748191786	-3.3369319103466437	19.392098306734287	-14.966343341021846	-0.4223636845099872	14.858701971919402	-2.3238632933387944
0.1723446893787575	9.267698784141967	-9.555351280465992	16.091166845613817	-11.237187579828017	-8.814523692422897	20.055548982444005	-9.17502554791605
0.17434869739478956	-1.170198734091844	-16.663256392606293	8.929981181026509	-11.546143670782014	-16.696062130496834	18.388364561805897	-14.63166829815843
0.17635270541082163	-5.232908199642434	-19.530277741466534	1.5850159375089468	-15.169015939252102	-14.774207848873958	14.89983153102094	-15.885657335987428
0.1783567134268537	-0.7195423095133149	-17.22239164156408	-1.687797863384392	-15.44738556958446	-3.3004736684888885	11.78772888353157	-14.481382044518764
0.18036072144288576	6.5750587837875365	-11.675299607206263	0.9270895344054443	-8.42754349786031	9.070925761780185	7.5471483531357775	-11.826006952883164
0.18236472945891782	8.606296995186337	-4.9868422337899645	5.768971502326974	2.4852594140447906	13.604455496351617	1.8751675502555003	-6.2573747417361165
0.1843687374749499	3.287052489757326	1.0762079547020922	7.16871169195213	12.036372025437402	9.547812182538781	-4.91629783895199	2.6952766514081823
0.18637274549098196	-4.226854864016007	5.8622623747527705	3.861558284524587	17.246091298911953	4.108146740025977	-12.021108410376412	10.505613726870644
0.18837675350701402	-7.7466017163799865	8.963891989618434	-1.8539132168952317	17.005924165417103	5.289854015209094	-15.537638785908955	11.763753122826007
0.1903807615230461	-7.057881762691846	7.863516231031312	-8.511129462293894	13.046982756521306	15.176991653364334	-12.728362660187022	6.721746534218907
0.19238476953907813	-7.761872819877944	1.0182733993917952	-14.060517302964886	9.898841554133966	27.5563844914767	-8.455968130275533	0.8946995697871677
0.1943887775551102	-13.530093458472951	-6.79819670016544	-13.842095633742945	10.969207562862021	33.591114445401374	-9.361440511507421	-0.9146716422766651
0.19639278557114226	-20.47242901498269	-7.3715221737415515	-5.475804489320422	14.626378652642384	30.21868153679048	-13.835817267543032	2.0724791205042594
0.19839679358717432	-21.5662687504427	2.1324377775727137	5.326711520513082	15.392778138129405	20.87512747588945	-16.32949982370311	7.210288340104542
0.2004008016032064	-15.510789223845766	15.212282813474364	8.017412047109692	10.924695994728125	12.213666440146433	-17.1609355907159	10.074037752573766
0.20240480961923846	-7.568807891941487	21.192278836846306	-0.8923134256762234	5.993475162593263	10.016763658146685	-19.422849183590284	8.646574202697897
0.20440881763527052	-3.0835209486762625	15.072038383429616	-12.564473694069369	6.166561071773945	14.170219039337766	-20.639809844440858	5.512011698704809
0.2064128256513026	-2.3955338345689756	2.701345074730789	-16.7097048122852	10.314230924938729	19.207692691965573	-16.364903596299918	3.2926822641114715
0.20841683366733466	-1.0893563966007738	-6.04869991160413	-11.770419872891042	12.996054884145803	18.88859455578726	-8.645122287057074	1.918681763846342
0.21042084168336672	3.3841299450176785	-7.955465119747373	-1.6135490078044465	10.306442699479167	9.840650377740747	-2.1603068888484716	1.058963645349607
0.2124248496993988	7.471082441218847	-6.455943254460671	8.937947677929317	1.1996127704032507	-5.748404554734752	3.5271416797747905	0.5278918927242601
0.21442885771543085	7.436460728279908	-5.029485196490917	15.021104216040255	-12.334319125440166	-21.079977557074514	10.952848575034382	-0.7644780718339513
0.21643286573146292	5.038150498667331	-5.093615916660186	14.950633962943275	-25.57763806145074	-29.176280763059918	18.63715206654383	-3.3062207758091615
0.21843687374749496	4.332546034531568	-7.51044129102543	10.979132489471883	-33.233052586948446	-28.193822362005445	22.376773580708925	-7.265752194906584
0.22044088176352702	6.0311382981935395	-12.285421179178188	6.680746131317825	-31.298260655431957	-23.296577583543293	21.290070279485516	-14.416740151991302
0.2224448897795591	7.172337912638202	-16.72783973186136	6.312877100032556	-19.677142286426257	-20.653521904175232	18.218522393837407	-24.559242787517462
0.22444889779559116	5.949989562366444	-17.049806054264792	11.421167930044815	-4.294568838359108	-21.323756154362197	13.88730038798593	-32.32004012684083
0.22645290581162322	3.9542655494653514	-13.026069882393417	16.353380715461956	6.609382251985039	-22.89719195971038	7.939584351756904	-32.26664962603925
0.2284569138276553	2.6838105631919587	-8.353977528398154	13.409086461361372	8.812393585369515	-22.845568160033867	3.5717503179354635	-24.20575557076688
0.23046092184368736	1.6068068099616684	-5.0202134272013055	1.2442559202108783	3.033318180308081	-18.906674078977982	2.9595896289479873	-12.007396299638511
0.23246492985971942	0.2198226528484464	-0.9137015519041359	-13.883140141337238	-7.435509769164119	-10.58900127465546	2.95946789989672	0.0052980375357644105
0.2344689378757515	-1.3774132070177851	4.863127664358858	-21.957436660553004	-16.62850748921154	-0.47112091323354377	0.07949211558994414	9.01659907482623
0.23647294589178355	-2.7917615065654027	8.464167451959357	-17.21845694302301	-17.842295605775796	8.445687297804906	-4.953038105423061	12.81495730573576
0.23847695390781562	-2.611570086210381	6.255622552897705	-5.640842834398481	-10.648637604841857	14.359898593001175	-8.667311899800577	10.47175702550485
0.24048096192384769	-1.1927118786802209	1.1569944023106733	0.3691874416051982	-2.1930369545011494	16.141478169631252	-9.102601122667654	6.2372215433861875
0.24248496993987975	-2.5236882370223026	-0.03499812080408542	-5.012972058050199	2.3386193604202408	14.265836156449186	-7.6476346716877	6.018724568295331
0.2444889779559118	-7.112980519729696	4.77294962629597	-17.620066618356294	5.453782592713859	10.726235300296791	-6.202327891025958	9.631732458296574
0.24649298597194386	-8.020857076156304	11.336701291984728	-28.463331166933482	11.069638020460243	7.7467833541828925	-5.4386939329737105	13.270324525131569
0.24849699398797592	-1.2794758201173175	14.25240544340383	-29.131067602744242	18.347930442369123	7.057427416905253	-5.814394036835341	15.565544871451415
0.250501002004008	6.293342995373155	10.752099222441252	-17.950903490510434	22.56841466160525	8.530362369446904	-8.09465675354517	17.742907266628272
0.25250501002004005	6.274556106145681	2.774590017314218	-3.468968030789532	19.118290252744977	11.279261667787644	-13.473307778423104	20.27680747825868
0.2545090180360721	-0.7065423512057529	-4.18448944952886	2.609911915972091	8.499116582571673	15.68254046753283	-20.62225493865017	20.11900575948007
0.2565130260521042	-7.87772261879072	-6.329865000989809	-1.7721513800172761	-1.4348989386314273	20.32508947431554	-23.531808509126016	14.28867726990208
0.25851703406813625	-9.912013022067537	-3.392440616881776	-7.035873142205237	-2.4543144047123207	20.94737036127074	-18.309092557746304	5.205677543638513
0.2605210420841683	-5.630607154686933	2.8543026851089217	-3.940243749284282	3.275497995011426	15.064145708770068	-8.637955903717408	-1.961662884803589
0.2625250501002004	1.5896566652415915	7.579101309232099	6.207032081656155	6.571302192794079	4.157598465511694	0.3149580867113528	-4.583092094580085
0.26452905811623245	6.092434077361155	5.607556266038108	14.837012951326136	4.207409669081821	-7.1082750743668965	7.137236693232356	-3.237822823301583
0.2665330661322645	5.490114313358156	-2.625660458640519	17.00496134371595	-0.5851731564225028	-13.540631339869558	11.245714415341933	-0.8331948565420718
0.2685370741482966	3.1429973375135565	-12.536258400959746	14.842657981903375	-4.791886615668323	-13.640093558855215	11.879289178962875	-1.0927256960398406
0.27054108216432865	4.2557697893751225	-19.32730380691654	12.266652552549557	-6.51536643152213	-10.790907957412582	10.862488451458857	-4.753519227255737
0.2725450901803607	9.607289932910582	-18.881988845749184	11.799699373385739	-5.52937195472167	-9.75982248897119	12.025510187451435	-8.839227513894501
0.2745490981963928	14.351071770319027	-11.32442961247081	13.728605100066536	-3.704092012227445	-11.326179848876247	16.775940267827327	-10.802784109270132
0.27655310621242485	13.89466004965961	-3.6755999692677523	15.273038241454788	-2.0586309868512043	-12.55067361095028	21.988754825069247	-10.810483964583913
0.2785571142284569	9.461861183979462	-3.2513858670022624	13.157252032315416	-0.2939807312648811	-13.116473632951745	24.432784460579125	-10.379109171924075
0.280561122244489	5.557680145356558	-7.920264566570836	7.408978820714284	0.5920168791219728	-15.644773225809717	24.369766972188035	-10.579757235641981
0.282565130260521	2.788623786362724	-8.19881881399065	1.5915042691373416	-1.4672507110589241	-18.70961207910482	22.042536340770216	-11.412013303169797
0.28456913827655306	-1.4198449547326548	-0.02605644678006025	-0.8466063268085927	-6.549735104552348	-16.84118225818322	15.80001956226825	-11.108345144030025
0.2865731462925851	-5.758647153737528	11.6256226778375	0.017364921989821397	-11.298125360769372	-9.180278468538178	6.467638934437363	-6.5856094196823065
0.2885771543086172	-6.334771915953636	21.105793099250455	1.487900296348644	-10.51219489965407	-0.9523441921814236	-1.00245087548745	1.6793022384306706
0.29058116232464926	-4.3515020826447905	25.57681136043124	1.816608347361097	-1.5928278516224363	4.540159258198638	-2.449036649762669	8.39418695049464
0.2925851703406813	-5.441980225510246	23.682060615595738	1.017429230749337	10.564327235870808	9.142679120547868	0.7779444646726177	10.68757300368933
0.2945891783567134	-10.406553308712844	16.848126941635563	-0.7794594434884378	17.039011664010527	14.438510199131576	3.2327479795616316	10.808406826360898
0.29659318637274545	-12.884101290993256	9.672909163329168	-2.974496547153213	15.030410617623136	17.44431993188815	1.1809142520362166	10.414924935187676
0.2985971943887775	-8.859290967054267	7.7056169514389286	-4.301936782422495	9.686198345744387	14.372252912923086	-4.296040341491075	8.365290714250042
0.3006012024048096	-2.027872342803771	12.688324890448733	-4.779114177193422	7.393418064367452	6.875360998122571	-9.07245622474021	4.526380266908559
0.30260521042084165	2.3175216297890686	18.386445471702537	-5.496734559885625	10.402580126035819	0.9264112865768058	-9.403168158914891	0.7398278869827662
0.3046092184368737	2.7382851360599685	15.338778247621924	-5.9120615241023105	14.89370129257934	-0.30624711557006357	-5.721072314149246	-2.366208932546941
0.3066132264529058	0.7946796838009471	2.120777368258381	-3.700306310719269	14.590884404928165	0.19971533792190974	-3.1851376728340464	-5.268587123795532
0.30861723446893785	-1.015569861532711	-11.55883617372571	1.468987812964975	7.5883898128376845	-1.8768068285285997	-5.719030214645206	-6.60634503014237
0.3106212424849699	-0.9868805550164399	-15.764183279198841	5.963254039990479	-3.0730513780405584	-6.008271177214792	-10.245420371426887	-4.369941449739679
0.312625250501002	1.5235888962720057	-11.824942981358625	6.17138281397517	-13.687260621767164	-8.819764888362176	-9.563221300057702	0.5421896133544893
0.31462925851703405	7.29023689610284	-8.97901041254803	2.3102124036950644	-21.2773021662477	-10.191600877907145	-1.6748980008061138	4.790908988321762
0.3166332665330661	15.141017124490274	-12.214764492468094	-2.347709139142117	-23.520413349569335	-12.241845572213737	6.849656774125676	6.033968515320273
0.3186372745490982	20.575333644737693	-18.73460657197795	-3.1214167780343787	-19.55420482381926	-14.486868905744569	9.71640096249468	4.589390261215952
0.32064128256513025	20.436753882793774	-23.17677955346886	1.910919530347573	-10.886419710305892	-14.895001615125675	8.134394574166503	1.9571011839349168
0.3226452905811623	15.915714680524925	-22.188839618274216	7.915232455053773	-2.0671917529480943	-13.720609536252862	5.591037407552991	-1.206869683769897
0.3246492985971944	9.923458296086215	-16.425230285096845	9.237166246528634	1.9100990563262226	-12.253418358926435	2.9830302636635873	-4.1925111952533305
0.32665330661322645	4.6388442088202915	-9.55235246293259	6.85805516118666	-0.1751982940691975	-9.828371053063545	1.8405930426446357	-4.924093525590736
0.3286573146292585	0.5586527494189364	-4.8453938407271355	4.916765061153188	-5.104693732535127	-5.272306885588679	4.168411136908975	-2.897562775417207
0.3306613226452906	-4.305354835023909	-2.414461550008841	4.442166433506412	-7.624029953311503	0.08223470496721053	8.506142905414281	-1.6098811630050367
0.33266533066132264	-12.556431712806576	1.052419867925169	4.223138051739128	-4.052449703777725	3.091410857839642	11.105562146465036	-3.8590574705367153
0.33466933867735466	-22.638650321726008	8.196185591529336	3.697088754284873	5.386553645819994	3.8930487283741995	8.199339294609036	-7.031305000425785
0.3366733466933867	-27.56747854667754	15.831851512886686	1.525895430150036	16.355242824309627	7.318159492646015	-2.151686350934928	-7.367581681578361
0.3386773547094188	-22.134956742852115	18.328206031258308	-3.9015782877384457	21.592841091327053	15.388713788569094	-15.836501170469864	-4.415964567725091
0.34068136272545085	-10.721317919473135	15.798965715270525	-10.225074167797755	16.201007360290724	22.87687981664971	-24.140606850122108	1.2145919158685494
0.3426853707414829	-4.352861248139176	12.647035567389084	-14.00609254961636	3.8328359685697997	23.632331832693676	-21.91628690758063	7.922789188887464
0.344689378757515	-8.977181953008007	11.433434940488114	-16.50728021414525	-5.772771656996019	17.562697831856905	-11.641992361286281	12.410237902888893
0.34669338677354705	-17.810417920364262	12.805376816803978	-19.721859847149513	-6.577101222839357	10.33726844359581	-1.0451252957137498	13.514424634931975
0.3486973947895791	-18.776782590512813	15.595326099805497	-21.278815331119016	-0.6550954525378537	8.08475122570285	1.7479383589385808	12.906698248450674
0.3507014028056112	-8.776732743130712	16.379376061433824	-17.506956004946392	5.934264029429528	11.233127485475135	-6.074587598606503	12.090716951329865
0.35270541082164325	3.7243025463196577	12.761375471875262	-8.164430488757912	7.512002524481664	13.601666963340227	-18.52756015989169	11.582547509612333
0.3547094188376753	8.324439550712226	5.346868450653297	2.358252522791124	2.037543430852873	10.125963819113222	-24.422028982849337	11.58692439872977
0.3567134268537074	3.1717162087404955	-2.8593220610470627	8.85477209243787	-6.303041079884762	3.3065673274733145	-17.960856199196794	11.554931297611054
0.35871743486973945	-3.4899572590209913	-7.653931484810956	9.950294882958321	-10.472364072177914	-0.9538025651316556	-4.700534436609803	8.65208254779515
0.3607214428857715	-3.95311392698054	-6.97563657081831	7.046236743751076	-7.680377157486971	-0.594782856333225	5.989832377997298	-0.7145693152405957
0.3627254509018036	-0.04495192545129509	-3.472252900218878	2.5186410640382806	-1.6098507483704019	2.30357728885106	10.372687467774837	-16.141530403778525
0.36472945891783565	2.5664183060260304	-2.9887683478760056	0.32879024956121705	2.458354931909053	5.087484325591664	9.82071904407864	-31.615188510958642
0.3667334669338677	3.9037202208308295	-9.66871441609273	3.6414323381600346	3.028594529353999	4.7405953072960925	6.500109596889186	-38.45253923665934
0.3687374749498998	7.728279162461082	-20.319481325442005	10.738104741964722	2.2191821341567106	-1.299626015177231	3.0089871534251413	-31.148140392393692
0.37074148296593185	13.160715696275908	-25.981131880823177	16.073305312550698	1.8035990409275566	-9.875039576693984	2.2566349062532973	-13.95658758414149
0.3727454909819639	14.866874330052266	-21.111411188163622	16.435028722420117	0.2043909417257711	-13.48769334700321	4.399423704166302	1.5473021306014552
0.374749498997996	10.80519441489105	-8.55741581073773	13.113700582074939	-4.433160826087242	-10.279009404117328	6.5417466069686805	7.635134552674254
0.37675350701402804	3.9104298495261056	3.7307607589752654	8.559096133734583	-7.8852935267848	-7.0055063356923855	6.421651071849374	5.051295914288634
0.3787575150300601	-2.1738242781043655	8.692992882476313	4.783155079520628	-3.7499157871635003	-9.881803357069943	4.527151355710662	-1.514130031362836
0.3807615230460922	-4.450954172214763	5.07717531078719	2.2372310711799943	5.383888698383023	-16.049292051706733	2.970504912064569	-8.024497581227877
0.38276553106212424	-1.179964914271913	-2.0707176460134544	-1.3564481982750205	9.68652148987195	-17.732773362067295	2.814849726864696	-11.516708616965094
0.38476953907815625	5.078315604239687	-7.205965125773551	-7.071514911846584	5.060043969719695	-11.381049419751328	2.8619626044542743	-9.381940113100562
0.3867735470941883	7.58573274838052	-8.182124137533481	-11.092367620896159	-2.939215448764365	0.735329446900555	1.4475167110305869	-1.4623829195928941
0.3887775551102204	1.941207893527585	-4.089245404737746	-9.361999103502663	-6.553119054682897	12.63903815056204	-1.6269175034546872	8.042146768082429
0.39078156312625245	-8.071037541932341	3.4280264948553865	-3.8322748281697554	-3.2234655138986508	17.645862997800702	-5.227769330638792	14.122515052204264
0.3927855711422845	-14.279300478362329	7.626353464794944	-0.452921937586496	2.779021129361194	13.704683857209572	-8.118401097472816	16.235021222728026
0.3947895791583166	-13.147357515586846	3.6428986778912393	-2.4851701876282455	5.663091288159716	4.957426898955791	-10.026271250574373	16.565713922209707
0.39679358717434865	-7.664307279943001	-3.3785271758028705	-7.795963930908703	3.9816560036589816	-3.3226817650390936	-12.09165114460357	15.278318514472591
0.3987975951903807	-2.296422269720358	-3.8893670728911203	-11.685580694882653	-0.05092560512853703	-9.007589092470083	-15.581516634809736	11.041287643445106
0.4008016032064128	0.045925618837193705	3.152150488353833	-11.7550938384309	-3.354853847742627	-11.531668078498708	-19.319054401390286	4.501561840099441
0.40280561122244485	-1.277894210351773	9.404817655786305	-10.567634587672874	-4.143122915110485	-10.434385446498661	-19.675044634893037	0.13043570979862185
0.4048096192384769	-3.0893466947061254	8.338973597644483	-12.119802615427243	-4.187227376593624	-6.106676808819743	-14.43414434727016	2.1144474400122055
0.406813627254509	-0.4462220772292757	2.000754466428035	-14.993265458664498	-5.586709816109998	1.2228344983460575	-6.260999753707037	7.637703614226384
0.40881763527054105	7.220110413074135	-2.4258625122732815	-12.008394974122725	-5.182645342784177	10.312430759627366	-0.774732898405232	9.921571574552482
0.4108216432865731	15.186358061222759	-1.168933465212939	0.2757529915975597	0.886763222694439	16.0213391168522	-0.5429575957209261	6.567006728036162
0.4128256513026052	18.922810772038947	1.4166539789447639	13.618676836656116	8.582290836127502	12.868672992379647	-1.4843821503179935	-0.5800589930135748
0.41482965931863724	17.33446288843076	-1.140553177016409	15.973624202719028	10.59010285473709	1.6091494007101632	3.166723530573236	-8.363329938657289
0.4168336673346693	12.032530141199375	-7.740236025128066	6.833683972186438	6.511850658068441	-11.078667468060146	13.838107723131078	-12.25301025033403
0.4188376753507014	6.2741438069046715	-10.109253576742567	-2.6688702354072285	0.9965249797503154	-19.22657140844593	23.193122842253853	-10.273308119376708
0.42084168336673344	3.9059843258201536	-2.979135195526671	-4.027328481436325	-3.4198283845796817	-21.308911945441107	25.684828965493818	-6.352952526736205
0.4228456913827655	7.301232144146759	10.088374927865097	1.0767043513495742	-7.8298805807303715	-18.45853438034919	22.715316231818054	-4.8591745804900945
0.4248496993987976	14.879437357064287	20.366496398559093	6.389843265505893	-14.436105922131636	-12.713390047934	17.77118941287379	-5.492344838354127
0.42685370741482964	22.075930731703387	20.578979682928406	7.509294672285814	-21.466665629891903	-6.380321632171342	12.946868959795792	-5.858246460091863
0.4288577154308617	25.721766487603343	10.890420500529062	3.252971047261125	-22.494509276517853	-2.4321357070421206	9.214180932843878	-5.299159026973861
0.4308617234468938	24.12755672761323	0.16418231430949276	-3.241729748837742	-14.468858188740906	-3.5675151424316747	5.424500627912404	-5.816982062767668
0.43286573146292584	14.761014615739741	-3.3414334105918613	-7.2780909691998295	-2.3622021131004143	-6.386164460956031	-0.11547369122192633	-8.420757160684268
0.4348697394789579	-1.4258432736885032	-1.3207910381040011	-8.78404824583983	6.210190728668545	-2.573323313562512	-5.592399331012546	-8.386250197556224
0.4368737474949899	-16.159335009802906	1.3370819117441237	-9.631648123261929	8.11942612665519	8.700624690457994	-7.7656159149194695	-0.7670742366330875
0.438877755511022	-21.041833571708626	4.95219720819227	-8.212441255592733	6.016686984501021	17.7150424243011	-6.872173651818298	10.342854406733847
0.44088176352705405	-17.200325684194873	8.840405112589654	-3.745219011328157	4.704984976459702	16.60717389135574	-4.708982236033054	16.258326134519425
0.4428857715430861	-13.611265320141545	8.73146709315401	0.6226925138201368	6.524478348427099	9.189038562249022	-0.7727271136856675	14.86976540867024
0.4448897795591182	-15.765355540891916	4.44166547346785	2.8195933668031596	8.765423157461962	5.416770571430166	5.178804384030199	11.623566035544734
0.44689378757515025	-20.164403156713146	0.7956813514810172	3.502524770289438	7.683475575787973	8.841911486231933	9.464101919906444	11.920395955602991
0.4488977955911823	-20.773732865598507	1.2938587922520173	2.8836254074503382	4.994335957607706	15.44931610089427	7.709378017016848	16.083719908917608
0.4509018036072144	-15.990723412662645	3.9977499754939365	1.210197584621681	4.920831431157707	21.493269552144433	1.2167059868361438	20.302276832839436
0.45290581162324645	-9.430992209814773	3.5385006086987905	1.0371005130516624	5.884425304952673	24.453132801163044	-3.2939191030182045	19.39800097660245
0.4549098196392785	-6.565431206235223	-1.825163243992829	4.562856429382123	2.2278676701144615	20.61839455714721	-1.7970290814776912	10.773213671808769
0.4569138276553106	-9.419631124064571	-7.069556665813966	8.764871495062293	-6.075323718001011	10.222403069889436	2.122392346960445	-0.9180423146994202
0.45891783567134264	-13.462805824249282	-6.5714073071982355	7.047623747379228	-11.087573982694828	0.9288748995046251	2.391760526674152	-7.424684727021176
0.4609218436873747	-10.604612422935912	-1.8934918966618939	-2.52065217309146	-6.097426796438141	-0.9259897412103227	-2.66004402721022	-7.214733395482334
0.4629258517034068	1.5253903704949432	-0.8274775363318445	-13.400192171520102	4.351918946111683	2.4985768716522365	-9.976220428091136	-5.764864580054908
0.46492985971943884	15.283335413180426	-7.486812010027813	-16.978418337355034	7.859656176605176	4.841580063148803	-15.17241349939697	-7.275847092652677
0.4669338677354709	22.22892483783023	-15.911078630751224	-10.614273482468871	-0.30591314496865263	1.0705556392737927	-14.558815447772476	-11.531081970919255
0.468937875751503	20.921482051874715	-17.76164414552541	2.005298192327485	-11.14088557764934	-9.93619566483951	-6.930015714244573	-15.761755884476198
0.47094188376753504	13.995630397618267	-13.494088229801072	15.738796424173069	-14.367446684905437	-23.523461223834637	3.6141015055129584	-17.72373358807803
0.4729458917835671	5.1248678504769565	-9.276206656307103	26.780891435893775	-9.834206022555161	-31.183436591338694	9.57272996208225	-17.502274935859607
0.4749498997995992	-1.4404883892104647	-7.786837377786009	32.526175745844455	-3.368027894160864	-26.720971151662358	7.557346028598659	-15.937049235245407
0.47695390781563124	-2.6629237952363556	-8.871080821074223	31.662481251162564	1.1318490424615053	-12.312615862725742	0.8925932576183115	-13.394084722607845
0.4789579158316633	1.6727777397984271	-11.817115370715484	24.923942226396587	1.3559733002005583	1.7286695307484878	-4.90666710312421	-11.023745276997595
0.48096192384769537	8.327047920973568	-13.34291311200505	15.680391759505211	-3.7162156045889034	7.380157075078141	-5.448539272465388	-11.754269534906605
0.48296593186372744	11.761028778938826	-10.50638624229427	8.456115760464787	-9.458874767285218	7.1990528512705625	0.44496056452163407	-17.060158045401064
0.4849699398797595	8.202755459027957	-5.152663560189943	5.210875356294271	-8.914304806402098	7.884942721710321	8.538865674530694	-21.31204378533419
0.48697394789579157	-0.8688376484818539	-0.7362059222990599	4.180755271546139	-1.9618921125140059	11.220231230010567	12.800618954169732	-15.394291152489105
0.4889779559118236	-9.330755829435557	2.986557652136464	2.6206532991985347	6.210708884644282	14.903118749909892	11.24192445941689	0.6913948357358332
0.49098196392785565	-11.597108716909705	8.204084969664168	-0.7684415563358555	13.79096758778157	16.755906082939827	5.381344992866219	15.687055360022343
0.4929859719438877	-7.688718654241258	13.925142188655343	-6.452142668686406	21.85932309727592	16.151437553595507	-2.4578779720062345	19.808310192267793
0.4949899799599198	-1.8226298088582504	17.06211337086454	-13.97811121544124	27.28057528876099	14.25261720805271	-9.096754102670523	14.11755079068777
0.49699398797595185	0.7658053187439473	17.169304934251308	-19.900392497202148	25.101527110006955	11.754548872709893	-10.904517783000866	6.9781693830943805
0.4989979959919839	-4.334333920258961	16.368324902182398	-21.116684784169504	17.434806865626044	5.710556929497225	-7.0236970389481845	5.084936054590747
0.501002004008016	-15.760516530514161	15.787006315419795	-18.73356544704073	11.71165690011388	-5.82885315813007	-1.6249296692497637	8.28117260366023
0.503006012024048	-25.191527431365575	13.428235462586663	-14.314709594098627	11.23069968537256	-16.64285371745806	0.3766038750743334	11.200564665782696
0.5050100200400801	-25.664926585012413	6.590530350031393	-8.35840894039259	12.576317891016583	-18.626200491827138	-0.8041634934391177	9.696930877895937
0.5070140280561122	-18.140512035216727	-2.5751792845946464	-3.2958648191167765	11.220863308697432	-12.37216367857346	-1.6783972111226715	5.85990150344257
0.5090180360721442	-8.697939820125653	-7.881246179710841	-2.0682897818278083	6.631942771966461	-3.947231851271826	-1.156322732871433	4.085198878884963
0.5110220440881763	-2.1608890842207162	-6.711326342989551	-3.8544914869693945	0.38947254484271976	2.0873722815382445	-1.162625825683017	3.9635782239861665
0.5130260521042084	1.7653462162284994	-3.045063131957171	-3.9761314556720966	-7.793785893754402	2.5902387879618294	-2.9768409201647286	2.8740103606796925
0.5150300601202404	6.753105741876464	-2.569091447533022	0.3546434738182883	-17.458455939768264	-3.4847841127306607	-4.502521591423339	1.3588003226320726
0.5170340681362725	14.183744662374455	-6.180609165298565	6.287074825349655	-23.673543510621837	-11.559107712584394	-1.6205876076289953	0.07455558014920782
0.5190380761523046	19.77503369383607	-8.763839086085772	9.966831961927522	-21.815654713673744	-14.00031637376554	6.916902334543999	-3.5659185307935766
0.5210420841683366	17.670788563622573	-5.213919026533439	11.553853451434177	-14.84914503070049	-9.369853207673156	16.880170198727154	-11.52640760335682
0.5230460921843687	9.073422063077006	2.237184221155291	13.794093968333902	-10.521878794735832	-3.900110610972237	22.90667454427233	-20.033189445672622
0.5250501002004008	1.6471485349729529	5.229250914208436	18.085969624366836	-11.179865512036773	-2.272565812642921	24.59208162677066	-21.595674974339172
0.5270541082164328	-0.07130737847968022	-0.40225453444321574	22.308540277273703	-11.995103275178776	-3.4633165164222364	24.851482399151127	-13.573423285200734
0.5290581162324649	2.564347390140089	-9.293345315066773	22.421782863398786	-9.472537215407092	-5.447996527457005	23.398310487584258	-1.6771880628023688
0.531062124248497	6.050992125516864	-14.611035445818617	16.508089756643503	-5.6721794339655585	-8.321319811080986	17.494396595276296	6.241831154075049
0.533066132264529	6.631268591277818	-15.967629116004822	6.760936029357208	-4.184964477729013	-11.968389150295206	8.238456782398561	7.33655489992808
0.5350701402805611	1.798403632293111	-14.953352878096148	-2.2886430330206022	-5.8397196538809695	-13.086898824180054	0.08255957420468292	5.0077616724647065
0.5370741482965932	-7.310476384264151	-10.3684623878346	-7.450286268476366	-7.313550031411545	-6.999048217935186	-4.650957144531666	4.317544428940677
0.5390781563126252	-15.965031705745101	-2.834625457380937	-9.046354219130485	-3.3930001509094154	5.733743354515229	-6.316099568377244	6.634883189682572
0.5410821643286573	-18.958145663309292	3.4432968408601075	-10.124568102326	7.948883991910847	16.65304766413736	-5.954304998373055	9.042947902266638
0.5430861723446894	-14.482499632931463	6.550244024256385	-14.175603088151323	22.381609716082924	18.109906294916595	-5.767008098451119	9.291844980232659
0.5450901803607214	-6.2885294549307655	9.584050171644558	-21.520005314339596	30.964514141190794	12.14870629674685	-7.8393965523231985	9.609375096015205
0.5470941883767535	-0.862787030675191	15.427402728645482	-27.96180946871743	27.470073118640816	6.28254224238631	-11.181921534175533	12.494273894250872
0.5490981963927856	-1.0527735455644638	20.595434283157466	-29.432914497070936	14.732176527299348	4.355404544721535	-12.968961355569316	15.698995421080467
0.5511022044088176	-2.9951674372568715	18.853114548240402	-26.2770432419184	1.2528575415038237	4.423639020117549	-12.115518297094592	15.368265904345504
0.5531062124248497	-0.38225765613164214	11.575544740028436	-22.248067695103465	-6.115622744035831	2.562275625439443	-10.473767747651413	11.851845498260055
0.5551102204408818	7.389663306952178	7.312297215708163	-20.474328084381778	-4.260862346740623	-3.4970920525232225	-10.998935057414624	9.702783080537898
0.5571142284569138	12.98301036111023	8.628751459419895	-18.910506523611364	4.939669184772523	-12.588870850625485	-13.448678937067047	11.861731359877338
0.5591182364729459	9.93632555530075	8.665759006413845	-11.86652653901194	13.227065819972267	-19.324932978028986	-13.676559875224353	15.134403800689418
0.561122244488978	1.6552471546942906	4.014222877106706	0.557501750247208	13.16737227467884	-18.148937647178638	-10.215656318835519	13.273332501052952
0.56312625250501	-2.4940619019374917	-0.8376059581936006	9.701368750538236	6.844735955701029	-10.551825477056237	-7.412023850136696	4.229784363146875
0.565130260521042	2.0673134418512427	-4.526522794105306	8.694886151773087	0.9517498640277128	-3.9412609520497144	-8.248249854525719	-7.169770652629413
0.567134268537074	11.768169228377937	-10.462295293298261	0.9292642197136688	-3.31214878287045	-2.5668347937286837	-8.872741621815901	-14.027482583126188
0.5691382765531061	19.82599208057812	-16.136099100621244	-3.8596495136770677	-9.081372811665782	-3.3601079505687848	-4.481429746754219	-14.278701633818184
0.5711422845691382	21.900426412320368	-14.809646152571917	0.01147213288471547	-16.78843961904859	-1.2484958364545973	3.702111765461752	-11.774592878736083
0.5731462925851702	18.773263885088678	-7.925383883773144	8.810068493525037	-23.58454520801731	3.428280687551771	10.051154750408834	-10.67951259354002
0.5751503006012023	14.099009638511008	-4.16232540163273	14.22299572641251	-26.201685656061212	4.662957087187453	10.454152090096315	-11.204616613491247
0.5771543086172344	9.499895365593527	-7.807687406247604	12.597804643840586	-22.8570723330568	-1.791364412091732	6.505046524881325	-12.140445988519897
0.5791583166332664	5.083347355409163	-15.061069513678987	7.990413877483877	-16.300895179439856	-12.811644537647215	1.9147590634511584	-13.503571200673246
0.5811623246492985	2.4598471911483277	-18.49904270697742	6.00829787863034	-12.645727936346182	-20.791054631835944	-3.940417273244017	-14.203721336463527
0.5831663326653306	2.0811338345753794	-13.373254288935373	7.261649360517128	-13.291745781590446	-19.471222835292014	-11.889948905204609	-11.886002572574679
0.5851703406813626	1.364986304659496	-2.8330195104158533	8.02418777104005	-11.95121373870752	-7.296173036888876	-17.01377288970618	-6.2118083255492795
0.5871743486973947	-2.219369591320339	5.428757334241826	6.233720632859108	-3.1407393131633476	11.151941876831465	-14.267101993115954	0.6471248409648317
0.5891783567134268	-9.2328779948065	8.997296740450768	4.047428466213796	9.971505723142172	27.408589673045302	-6.1799675088953	4.917912100646174
0.5911823647294588	-17.176698145278277	12.020451038884035	3.140072181494291	19.85987800500144	33.587307522895	0.09135488421550986	3.0483072694163695
0.5931863727454909	-21.13423986316536	17.133671502645093	2.0948783154658104	22.931290836470158	26.723161285284586	1.9131267090520285	-3.2974698390116455
0.595190380761523	-19.328737547105472	21.464361331453848	-0.9668753360591473	20.39022428736689	12.240077671775422	2.1694485049514283	-6.781772526518852
0.597194388777555	-15.426576814085355	21.24546720440774	-6.1755182450686235	15.647022611195997	0.06127523930672671	2.5855485382572416	-2.162026997636808
0.5991983967935871	-12.533277397804756	16.70127318502407	-10.81107272541082	11.996265696549816	-4.637617841791082	2.1757323434285896	8.40363458816648
0.6012024048096192	-8.80291367675824	10.327215338818455	-11.375699927905533	9.822440589111697	-3.4952545070820618	0.032114559325140124	18.728975765971505
0.6032064128256512	-1.166185478643303	4.6443602778954105	-7.302289257598308	7.017838073529228	0.817613944896782	-4.2904801572123885	25.197206912306505
0.6052104208416833	8.940625656665977	2.661596356098354	-0.29527938172809043	1.5622077362423372	6.840475617764953	-10.047667108995714	27.471590807055204
0.6072144288577154	15.032886052021457	5.346283053410788	7.931969744210144	-6.5001777980798305	11.639440448996725	-14.15196702441273	23.949008882913827
0.6092184368737474	12.25816307750085	8.769975108041143	15.645648083851905	-13.625024748353281	11.647488625476338	-13.619235625960908	13.582292659083627
0.6112224448897795	3.8912824576889986	6.894003513390629	20.3685768979223	-15.738642713941115	6.107327160752203	-8.216137985029274	0.923638650348085
0.6132264529058116	-1.6303412622175428	-0.7903441678801336	19.27464466392283	-13.132095374628127	-1.8503760601489914	0.36528319133520637	-7.943352386793027
0.6152304609218436	1.182204232000622	-6.977891623240146	12.57484771237648	-9.821510367994241	-7.120492681326298	9.766987369995707	-11.075184842865822
0.6172344689378757	9.8424482974805	-7.126005240077504	6.088277649860996	-9.505304957071727	-7.756315442550698	16.83043297080278	-9.377453678301743
0.6192384769539078	16.652605862511265	-6.419044605203981	5.885517797020465	-11.94465144142962	-7.799335454461306	19.06914588650363	-6.164494141686944
0.6212424849699398	17.309298424052994	-11.212698234544193	11.173246444971271	-11.259285635056969	-11.34610923810216	17.24125096010764	-7.495914107343399
0.6232464929859719	13.390855497233286	-20.244175429251577	15.46179408182129	-1.7622993865519714	-15.389026545168836	14.106719638434425	-15.86308980442558
0.625250501002004	7.968462105920983	-26.905525631784638	12.13215843752825	12.02236179195492	-13.144865970697431	11.352641953668911	-25.738201046688538
0.627254509018036	2.9082721152173243	-27.121808044742373	0.5775956587961536	18.1632709180895	-2.2065221230060414	8.894657476399335	-29.951287346903126
0.6292585170340681	-2.610421249985959	-22.22653492095675	-9.941662412395141	11.681010523345984	12.787502270130945	5.835635075921398	-26.187065498810394
0.6312625250501002	-10.040741483228869	-14.722329907156258	-9.093912239811534	-1.1137025913832694	23.20974397391792	2.1669202444706377	-16.297908272950902
0.6332665330661322	-16.291208623259603	-5.453363623129555	0.9940138267674387	-10.407620461366133	23.23918064136672	-0.8088342309809338	-4.291551829789869
0.6352705410821643	-17.690945525927358	4.509077811224355	8.542225925535002	-10.584797490546576	13.604372841431886	-1.8281506981492928	6.042515661991141
0.6372745490981964	-16.89250120802946	11.947534946976083	6.491388255699472	-4.570724179106604	-0.883129477281213	-0.8244236696217413	13.913512496394937
0.6392785571142284	-17.514812830050236	13.776054666787402	-2.006597890590282	-0.6409345941519807	-13.532367731956581	0.9206063718256774	20.81450696706777
0.6412825651302605	-18.207915433705605	11.298343020525856	-10.359045039841028	-2.085671301158855	-17.30069066502759	1.5323145098573534	26.67330439747017
0.6432865731462926	-17.167709700029743	9.422708611186415	-15.844522522513634	-3.697659309458409	-9.537013374545298	-0.19508349614397671	28.241712587943706
0.6452905811623246	-16.272901915532625	11.142811160940198	-19.828868682055692	0.5707922599817082	4.691561255305129	-3.1078464114604563	22.851727910402385
0.6472945891783567	-17.89467199243529	14.883768511050924	-22.81600769405245	11.13693720645848	16.92002048917801	-4.820275566811467	12.437547575832893
0.6492985971943888	-20.26025447529656	16.706008255270014	-21.29834903904978	22.838732784184703	21.43462634335474	-5.833404313949736	2.498821690492825
0.6513026052104208	-19.180956980560975	14.063841948870596	-12.253471747296143	28.34208892846462	16.819921090440356	-8.685505374730951	-2.6590368346352804
0.6533066132264529	-14.718650622228118	8.16280503769513	0.5358290510934468	24.501695776602933	5.890256666410056	-12.437280791447964	-3.7676014507967146
0.655310621242485	-11.064935077328645	2.612966550497497	9.098348032945964	15.750041720322727	-5.315807336798392	-12.919910435130793	-4.562859346519103
0.657314629258517	-8.512411504494969	-0.43433727299946207	9.428125234528613	8.702116387741459	-11.16935961268161	-9.415868853688073	-6.868076569946357
0.6593186372745491	-3.2604917251932246	-2.059821097076832	4.714556373705579	4.840631119749633	-9.883708388248223	-5.562992959587699	-10.277033862650345
0.6613226452905812	4.570996814184536	-4.2648682945653915	1.7356275048809588	0.6848860888450828	-3.1132818714902966	-2.5488356027152888	-14.03640958157867
0.6633266533066132	11.149108529346789	-7.913586682751571	4.626132688662019	-5.4956902268275885	5.8921943909077905	1.062097316996286	-17.460982030568054
0.6653306613226453	14.632052350709674	-12.08711876777456	10.53349086221737	-11.254010388625455	11.928570083703626	3.8760475804807717	-20.86881196036284
0.6673346693386772	15.30836607600209	-13.504662143816379	12.41827514959947	-14.661383516222498	9.006347936584255	4.283150984258541	-24.246659424535526
0.6693386773547093	14.145481829709635	-10.442386360686235	7.958806920844393	-16.81378535044525	-4.353121736921222	5.166951622578799	-23.914970842415418
0.6713426853707414	13.094182374053258	-5.560938838215025	2.516776535648764	-19.768209029051604	-20.55728171661323	9.662963127391869	-15.756206432546522
0.6733466933867734	13.904453190144974	-1.4623032093037123	1.665034325291248	-23.86789647842331	-27.34244268378667	15.561354400945666	-2.543164285953903
0.6753507014028055	16.742214240468577	1.7869814102011639	4.647566371681701	-26.994621014949626	-19.716061630590197	18.51030378798222	6.57949836342517
0.6773547094188376	20.302619987528264	4.083807891693988	6.270801963957818	-26.974778560105953	-3.3950487153483833	18.1159361973593	4.830318017012203
0.6793587174348696	21.5684272795592	3.446199961919309	2.3463419542691244	-21.79075089129516	11.869745532242451	17.442045665011417	-4.992917065162137
0.6813627254509017	17.972550604377464	-0.7980866962430998	-6.572705186175113	-8.269817498997522	17.576133893075134	17.813425392349796	-12.75882123119828
0.6833667334669338	11.322152429200965	-3.6636299189202606	-15.073074939774392	12.118465768699732	11.538393029612823	16.678245954873592	-11.561481658470559
0.6853707414829658	6.511017674200968	1.0779378604858292	-17.133935752516916	29.843650910680726	0.2580060775932838	11.098638809986372	-3.1209501842240996
0.6873747494989979	6.477978645786234	12.314563191185805	-12.109670047305794	36.35812883736098	-7.372132209632834	1.4256818225087244	7.363246000814804
0.68937875751503	9.337846933132209	22.135716654536655	-6.192303730056236	32.23270761684107	-7.44891194532175	-8.640102950979752	14.56343188898595
0.691382765531062	10.297393202343091	23.73267293668266	-6.001514864630434	24.600284186821696	-2.5956912401245065	-14.693664719076775	14.174231655359476
0.6933867735470941	6.118627688301254	15.812761515587177	-11.941351776468952	19.535532459339638	1.756177829949313	-15.682570426717245	8.772029745143492
0.6953907815631262	-2.661952080779631	3.2131317739553045	-18.801317884075072	16.94422666222194	3.328098884420302	-14.995730988219853	6.907633376478277
0.6973947895791582	-11.712622286388847	-4.920464640569554	-20.51148712779351	13.246953482038265	4.416593415164809	-15.937722694895793	12.303637074185893
0.6993987975951903	-15.528724666388404	-2.906235696187721	-15.14786880118157	8.137291854591059	6.606496449775066	-17.516450328124986	20.626784647436818
0.7014028056112224	-12.180662904942057	5.799727304301511	-6.75556674807346	4.769485089219277	7.4441960316890485	-16.795717260445862	26.148031500520414
0.7034068136272544	-4.3595045270928505	13.196067696840135	-0.6392044968504559	4.448607476839868	3.606970531443234	-13.821042991020743	26.28954783834981
0.7054108216432865	2.3785733425946116	13.947587489148015	1.5869655621703977	5.299106898733431	-4.84594238127302	-10.938171491633835	21.864640087319547
0.7074148296593186	2.3332971217770364	8.263893839394605	0.6573639150525649	4.110710121446262	-13.1713292884815	-8.471280580071397	14.829807911839232
0.7094188376753506	-4.518332809291721	0.037087720683692205	-1.4684632376202786	-1.989475851583018	-14.56956558317181	-4.1804964468954795	7.239002937289042
0.7114228456913827	-10.791885949791723	-8.198664136169672	-0.588906431374523	-11.761775271083296	-6.6191752133773205	3.196342208377735	2.697135282128187
0.7134268537074148	-9.181087116696961	-16.042464873831886	5.8033712139671385	-18.48782968463583	4.958576686455335	10.763556753636061	3.329024471523894
0.7154308617234468	0.26030505393728404	-21.21256984421388	14.224267246677323	-16.87502413323504	11.802180107864434	12.92134385367343	5.020352789973847
0.7174348697394789	11.25622791232468	-20.91788027545134	18.35639687907405	-9.139600818825144	10.156887492669544	8.379833206737699	1.192156068093094
0.719438877755511	16.91372695664185	-16.997223877201343	15.56975677267455	-1.0843318168907068	1.2843570125432349	3.867071397136246	-8.899888855978006
0.721442885771543	13.948254951208408	-14.359292398743777	10.179796451263194	3.237437028180967	-10.808990554801039	5.7408935307508555	-18.791621527848722
0.7234468937875751	5.607822535866827	-15.209420187580237	9.388989156662777	1.2674760882344849	-20.575319331760948	11.297683242370193	-21.780303654136187
0.7254509018036072	-0.21777008406053408	-17.45439521678079	13.692517906050089	-6.7641356082910145	-22.39451797604855	14.092553021020567	-18.24015802135677
0.7274549098196392	0.4299411685561943	-17.13694203930742	15.527193233568793	-15.543148998367963	-13.920571999574502	12.472088610190458	-14.232517520683341
0.7294589178356713	4.827697179014799	-12.359656955789468	10.373127570108322	-19.235770307926725	0.2214615281241211	8.76578362346584	-13.043350474181391
0.7314629258517034	9.305558242902519	-5.883702147988176	2.9555267369959473	-16.953697651471764	11.268560464727885	5.446751074914265	-12.117528533737296
0.7334669338677354	10.45171966446379	-2.5575668526516657	0.4701585838161607	-12.344273772112942	14.520265985877328	4.229128521671947	-8.75237624715204
0.7354709418837675	5.309905782395919	-3.478940512172238	3.878157309990897	-9.964556606298288	11.374765468422499	5.192243749576657	-4.354532588786778
0.7374749498997996	-2.877525528787007	-4.769850129726045	6.974787879517879	-9.356123807016765	5.262976302427217	5.544827890840145	-1.0398888295630293
0.7394789579158316	-6.110721951826328	-4.053842063072125	3.030202638207949	-4.800367217580796	0.3006339229883369	1.9969126789172862	2.7941303359041827
0.7414829659318637	-2.253310422316918	-3.2683759498940197	-8.363670250823242	4.803422438454792	0.1223394958435998	-4.8659802135264	8.734471926978538
0.7434869739478958	1.992769582022895	-3.0466334761593745	-21.04088347939903	12.47769917682452	4.426380816441442	-10.85293080129416	12.541067368157092
0.7454909819639278	-0.5968669338497052	-0.6326729337234213	-27.365125818160248	11.597223401962845	10.470401059240597	-13.087890344386109	10.2941714611947
0.7474949899799599	-10.09932860739535	6.137295266803805	-23.735322937454537	2.6422249766065384	15.892699727412298	-12.77497044282023	7.606493819135565
0.749498997995992	-19.64717399853966	14.82340871435568	-14.092692734553927	-6.435530720804094	16.821544964209533	-11.922724996735095	12.061542256708028
0.751503006012024	-22.59811459813069	18.819388697054144	-6.805432786553962	-6.069282811522498	10.218702699029519	-8.925301200892166	19.809011921406718
0.7535070140280561	-18.981925428935146	14.21765990723322	-4.8634681187151925	4.7873596200966055	0.03251259991661393	-1.17248888668517	20.23790311786861
0.7555110220440882	-12.8591495861039	5.012452006549587	-2.653186141093381	16.434104761322914	-5.477423533205422	8.248100055744851	10.623820622062386
0.7575150300601202	-6.133705996949377	-0.649874412047431	5.149936132610043	19.093168171340977	-4.220009188516776	12.406491064242463	-1.730728140062709
0.7595190380761523	1.0872151528801235	1.0942801031182523	14.91712507259786	12.49032256230787	-2.522972526898008	9.743286567700613	-8.655027045844273
0.7615230460921844	7.037992411089136	6.072121958845175	16.6914962545068	2.9073385239861445	-5.01887604087663	5.2659202846757465	-8.971014795381947
0.7635270541082164	9.167770239790247	7.569497600879309	6.47574356568538	-4.936496864524543	-9.636736160804578	2.2897612899662674	-8.677294805469199
0.7655310621242485	8.085707648971178	4.060287792852101	-7.176807217484648	-10.100368831751688	-13.980607566066954	-1.2985558990099484	-12.352259620981375
0.7675350701402806	7.024902107385701	-0.5279172973044106	-12.865765122352006	-12.85272118000268	-18.27284397919553	-7.2634840660545255	-16.94873086151861
0.7695390781563125	6.00283213462021	-2.593632063555723	-8.167763554981544	-13.485924907399328	-20.078887553757372	-12.456292132307652	-16.996591840919653
0.7715430861723446	2.313604354692647	-1.8622941822236105	0.9097163408888591	-13.093143116726614	-15.394814034826165	-12.482012418342375	-11.38126013261362
0.7735470941883766	-2.7068656677188314	0.766327409511668	6.993297512824584	-12.95930818760247	-7.153407783758882	-6.774741042893427	-3.4878608544592247
0.7755511022044087	-4.887654458786338	5.4921569587710755	7.647678357263371	-12.78773788716291	-3.155193016777864	1.587491038737345	1.8466425751341085
0.7775551102204408	-3.2901121501269954	12.02665627425505	7.271542608642991	-11.318504879521836	-6.252749736561095	8.917852974898002	1.6380013254973829
0.7795591182364728	0.13101808297171427	16.080539860491264	10.253255417753477	-8.240924121027758	-11.717394295697643	12.30424011281706	-3.4988670484968662
0.7815631262525049	2.5840432268617453	11.89902356542732	14.702410329875397	-4.829619853068065	-11.64188192413267	10.610664667384553	-10.464219339274731
0.783567134268537	0.37350564596157576	-0.00787432519224901	16.405057515347895	-2.962233763188241	-2.919305842383042	5.3933841963815565	-15.458416144622394
0.785571142284569	-8.297522804218762	-12.307851715647589	13.896483020528988	-1.2462083369130763	8.667453296206256	-1.2028942410047285	-14.898875172901434
0.7875751503006011	-19.93511698009524	-17.859641161141816	8.83787486004137	4.898552312427206	15.569669763721407	-7.725989541803687	-6.964151970778655
0.7895791583166332	-27.7160088123702	-14.241488723146553	4.279893378255852	14.853414973005723	16.46282548279297	-12.423970580066158	5.385777471814164
0.7915831663326652	-27.773978158735257	-4.467774130469509	1.5391729925487596	20.97751924900545	13.967150029608218	-14.071852218727132	14.888341315954053
0.7935871743486973	-22.7369898847338	4.517531407244601	-0.657965653729115	18.553134290618843	10.188681108522031	-12.6069700385364	16.94976076982464
0.7955911823647294	-17.95189231745143	7.782808248124439	-4.048744574189325	11.451624405399333	7.0677063214668125	-9.619343615269221	13.887472977802842
0.7975951903807614	-15.824860505607019	7.392625814047557	-7.845212235199162	6.8613639417554495	6.015478471225191	-8.481348347934588	10.628996678192733
0.7995991983967935	-14.1523490360005	8.368532606471703	-7.984423836651705	8.15358760302675	6.872165374129193	-10.034601721457218	9.060541724596678
0.8016032064128256	-9.175350896576104	11.785872950320845	-2.744070119965253	12.220717834193616	8.76358502677319	-11.547486824735072	6.878017753679099
0.8036072144288576	-1.2629459999427846	14.875680056493174	3.860711439317876	11.969585855102057	10.667571289862103	-12.025120643530283	2.0270566296222228
0.8056112224448897	4.889550645286156	14.730732219674406	7.471061821710751	3.9919645294941777	11.17439584289139	-11.869458313105081	-1.828341105686217
0.8076152304609218	7.85322727709438	9.337967041242187	7.519584118946999	-6.913777607021235	7.785055606958255	-8.843044363640695	0.5964166685531803
0.8096192384769538	12.306606928272085	-0.6926555233682873	5.929445100188569	-13.457891959200712	-1.24351685938674	-1.098091739509546	7.271988952002972
0.8116232464929859	20.964047516261633	-9.878841944542813	4.918865150050714	-13.313150263866268	-12.836725695458274	7.9752855452093945	11.06040599300244
0.813627254509018	28.807862689202356	-12.329546199895198	5.473145959159289	-10.315400053817262	-20.610998556093538	13.053696258360466	9.038122129786426
0.81563126252505	29.624272517627997	-8.97710268114996	6.480565231474713	-9.317784959080296	-20.523036542197335	13.426899742891475	3.562730096617873
0.8176352705410821	24.48204996879174	-6.874538507662537	6.027793435906045	-10.27384203074279	-14.059606468429873	12.083102912211613	-2.8096529038968097
0.8196392785571142	19.24641433991989	-10.042942548255395	4.178277535790005	-10.80240274265506	-7.497101306810623	10.911917019009213	-8.135101052190809
0.8216432865731462	16.931774553815213	-13.513962001495154	1.602693797400707	-11.212635111744316	-5.250394190476309	10.172330766462677	-11.892717890913582
0.8236472945891783	16.789257630886038	-11.255694050201202	-2.5139195818296405	-11.071654126920865	-5.361716285977335	10.388875465719435	-16.63058288881457
0.8256513026052104	17.08486861949852	-6.254522189798857	-7.158146898014487	-7.3728258433541765	-5.3713445458353	12.018707452436292	-21.683417727593845
0.8276553106212424	16.3345476383441	-5.32946101402054	-8.604769539505922	-0.4818861569774563	-6.733631351186696	13.455282132619542	-20.283016540052746
0.8296593186372745	15.070386783379439	-9.118981713294366	-5.577433234100103	5.003789949689401	-10.218172527262299	12.459503072160386	-9.381822993768852
0.8316633266533066	15.086606705835546	-12.507453350577876	-1.8618130056163877	6.410870281599987	-12.00578980258677	9.722835346530017	4.390326087953476
0.8336673346693386	15.604373193705461	-10.286203719467409	-2.0506407805864186	5.66250168689807	-8.175172137269719	7.80566481422144	11.140918313195453
0.8356713426853707	14.49853243082696	-1.0239511800810062	-6.465291319516166	5.7296806173140435	-1.3806058097276503	6.909090978543598	7.689276132506498
0.8376753507014028	12.031510391445547	11.104331354688387	-11.203320636686742	7.321773784915067	2.556865198617407	4.761891104944948	0.9825257166956528
0.8396793587174348	8.149170591222985	18.66658393333973	-11.663975729528882	10.507683204489044	2.511125156125442	0.4029169060221733	0.36931783037786203
0.8416833667334669	-0.2840672143889973	17.668436130013923	-7.162171550868497	14.74075173291702	1.7921290706915594	-5.053740184384467	7.292566825608617
0.843687374749499	-14.653876787089986	11.225950083816379	-2.2981655664051073	16.320712732140667	4.633428693908319	-9.853652133665953	14.715435988391283
0.845691382765531	-29.292945080997445	5.531329184563303	-1.7588224558889063	12.745262040726246	12.979530324054318	-12.092712585252624	15.659830795401138
0.8476953907815631	-34.62068956477839	3.6043597686602813	-5.751124232720989	7.809902960492895	23.056930554725373	-11.780426305727214	9.567078936778698
0.8496993987975952	-27.232808233979377	4.275167928824008	-11.374354096518065	6.641648448602538	28.323562768902416	-11.34420401323587	1.2482374909338585
0.8517034068136272	-15.291679291783153	5.55361794483688	-15.895769425914883	9.41636819880718	26.69565499366154	-11.799242996359654	-4.02354981666359
0.8537074148296593	-10.086106787839638	6.4320620053994695	-17.973594177661948	12.67163445668211	22.66835029635336	-10.707826796868492	-4.913079773515154
0.8557114228456913	-13.673520369932922	6.077026414216377	-16.68483337395352	13.043512669569228	21.422200227789904	-5.917903816803784	-1.9521329097040017
0.8577154308617234	-19.125081904003547	3.5195374396555015	-11.22865090308289	9.17378003258391	21.27353517337185	0.3939743267247213	5.48512521478972
0.8597194388777555	-19.063248635049238	-0.3014590397060367	-2.1378386640072073	2.2398266263579405	16.085258965761373	4.435225495741801	13.50218005806666
0.8617234468937875	-10.773506736002401	-2.1604178593012042	8.78224834512683	-4.405264539369897	5.164139441608765	4.775741976241098	13.456970778061018
0.8637274549098196	2.336573077156434	-1.1102265461748355	18.746679239805438	-6.70450626453753	-4.968520083218679	1.287675582657893	4.186577829151515
0.8657314629258517	14.149407953280189	-0.17994248857527112	23.827619384166862	-4.0210535235051985	-9.495810657757612	-4.92976106662567	-5.4540349778852
0.8677354709418837	22.281225563249357	-2.464897372245294	22.04195947956499	-0.906735183237462	-11.169638764656757	-10.99152793069568	-8.623229871289746
0.8697394789579158	27.50114981808367	-8.120746671262186	15.131300922284263	-1.9673589793470496	-13.991872406637933	-14.733767485300081	-6.040447050349458
0.8717434869739479	28.01539832942485	-13.270974313344071	5.476394521232916	-7.751118910038819	-15.634291903052786	-14.2762128651451	-0.7991377303083614
0.8737474949899798	21.114297983700634	-13.345016523092825	-3.2631272857707008	-14.924774554732718	-12.247895242590623	-6.69600029096519	3.871754452026774
0.8757515030060119	9.22245852314096	-9.293288449145694	-5.552332356476817	-18.53934634129797	-6.578779840836293	7.101063983100043	3.8058460468298083
0.877755511022044	-2.533257379414825	-6.277524751037733	-0.5510870627686254	-17.37068821954697	-4.312437837455907	19.425494793746683	-1.8535576587031741
0.879759519038076	-12.023741859183117	-6.266894855012211	6.212430838697571	-14.134820399005417	-6.155343249666603	22.84022116782781	-8.109184000834201
0.8817635270541081	-18.441743282807895	-6.292413302102213	9.282760770501227	-9.005182526841562	-8.758681000845463	17.383992378519057	-10.071037736827936
0.8837675350701402	-19.738276085459585	-4.184368082372892	7.615891002495272	-0.5308075956378017	-9.588901511682197	9.044152777741244	-8.157247210698369
0.8857715430861722	-15.513230711826171	-0.9239451461653372	4.139755203449421	8.177599693439738	-8.32018537690887	3.7555919330991996	-5.790314604938816
0.8877755511022043	-8.842657174784362	2.7067734435265263	1.5507617709658004	11.79471324552698	-6.168815817623373	1.5685267898718402	-5.194444099288596
0.8897795591182364	-3.7059074665855696	6.30642976746368	0.010574902759720728	9.346586955208732	-4.415569444877396	-3.5401172360719597	-6.602875658073144
0.8917835671342684	-2.7188128926027577	8.813063617025655	-0.1065881056387924	4.649796276506041	-2.7384884608475852	-14.774550951722818	-8.433374801326474
0.8937875751503005	-5.440457808397005	10.471658870928323	1.1362230022612156	2.259841170320339	0.2402731276506894	-25.899149677698507	-7.547943420073453
0.8957915831663326	-7.820763003020067	12.595836149766178	0.3049642437019327	4.859597477275683	5.165973729001728	-27.485918278308368	-3.066212509353992
0.8977955911823646	-6.990862343463764	14.563160810743524	-5.846246740850633	12.546042463193526	11.474830910186963	-17.46334618122062	1.6335108212361575
0.8997995991983967	-4.488740743277081	12.975263836854934	-15.406476318072421	20.79577840933411	17.911991657025684	-2.2063488473776234	3.860301163217155
0.9018036072144288	-2.0424869941304133	5.216357137078724	-22.59427767252475	21.87373941034868	22.13593509834236	9.805579853559003	3.968910774953695
0.9038076152304608	0.8517586537898547	-5.253205743050806	-23.02793695126905	12.975992656587085	21.070281988533615	12.641275846792057	2.1893618560357364
0.9058116232464929	4.441445350463307	-9.788466067764384	-17.552343009078296	-0.11963878083663804	15.280894550269407	6.240538301357918	-1.070212256729905
0.907815631262525	7.766579631486458	-3.73685092882839	-10.340321870978046	-8.739936623372753	9.053169326559047	-1.7653973777253185	-3.8652777649726646
0.909819639278557	9.90243784078698	6.63360373358889	-3.2270509590053345	-8.423723056438526	3.2399441072934367	-1.7003273843709177	-4.228963694738548
0.9118236472945891	9.998012436015019	10.474833419337486	4.322492927199156	-2.5775755887050362	-4.102704588264147	8.14975281416637	-1.2123921641303586
0.9138276553106212	6.594939626510646	5.74288451532361	10.242234379965158	-0.5787299601890049	-10.308201857883635	19.361970126162408	3.794390481600238
0.9158316633266532	0.17225100356519035	0.01621080909124145	11.241528221330254	-9.425610997485391	-10.004688396213272	22.693957539254423	7.184980957615432
0.9178356713426853	-4.3104871147565085	-1.0973306736811956	8.531186620014692	-25.704773349288114	-3.734643090059474	17.654122012645477	6.511138603720147
0.9198396793587174	-2.3129510577428003	1.4467611895579877	6.15168937617653	-38.35317226512059	1.308286053201953	11.015895236035332	2.363597879203574
0.9218436873747494	3.02116228625642	4.095201479910387	4.444533038670623	-40.16497438248572	-0.9424913151500496	8.078746662524681	-3.4539859397737303
0.9238476953907815	3.698776097023814	3.477525774623793	1.10480091725776	-33.13069093408122	-10.09665907167814	7.8717517502250915	-9.419110030019663
0.9258517034068136	-1.919859331256191	-1.209657512714651	-2.4511154357064506	-23.075111924340227	-20.37717436378669	6.945460348431115	-12.875156715007593
0.9278557114228456	-6.343112148503215	-7.148711518606853	-2.383824613293554	-13.789567761674501	-24.895925191473612	5.542149018871517	-10.311962283363652
0.9298597194388777	-3.2266280550986717	-10.71834977078921	1.2039887059303418	-5.367473920281878	-20.14274400728902	6.457474137152288	-1.8327090957175631
0.9318637274549098	5.119561543640476	-9.839633944188805	3.9098781268103004	3.9903799443645607	-7.981774255301567	9.485465469690181	6.362864929111069
0.9338677354709418	11.190324270575065	-5.4153862960348125	1.975229590270524	13.289145928452559	6.2995462572214125	11.305753507635762	7.053163240126677
0.9358717434869739	9.702441855654957	-2.0576447258532435	-2.630853938872248	18.23672312076704	16.64357015127374	10.238090149770434	1.1922768021690597
0.937875751503006	2.0483693557319183	-2.892727738868334	-3.1756138894990014	16.59206452271723	18.407200460920674	7.404769964204237	-2.1572526844927946
0.939879759519038	-6.48865794678346	-4.093124256050382	2.658745965441797	11.82735034994277	12.474043353273249	3.05914337430779	1.9630129700618806
0.9418837675350701	-13.240983265660264	-0.823323218247477	8.072420308476666	11.190265280756154	5.14754994890441	-3.9738227738537324	9.34252302375546
0.9438877755511021	-18.420082048206357	4.405260070595024	5.041918710238595	17.27244464777628	1.5525447087904238	-13.326255444486703	13.522047543184254
0.9458917835671342	-21.07778563811024	5.726460758176831	-5.738483554015921	22.686576132792446	1.2983300092316368	-22.321316122911828	10.696737272496062
0.9478957915831663	-19.09393059214202	2.2650490012015365	-16.136872506898822	19.111227309999084	0.853620557950416	-27.30160235174673	2.1814413892680573
0.9498997995991983	-11.847376041587209	-1.8182083064859176	-19.93531021697525	8.531386463297991	-0.40850258485331004	-26.642989330048703	-4.127633771017697
0.9519038076152304	-1.936388822862252	-3.11269055136341	-16.717569669598653	0.5658644855990963	0.6064272287041518	-22.734395547604045	0.2514303150435174
0.9539078156312625	6.313143283286456	-1.8679490524631333	-10.064093997494094	1.1012471213249095	4.482968023023768	-18.855153554050727	14.544546601432986
0.9559118236472945	10.470886851781733	0.7466622618396318	-4.556110523105798	6.538469766580312	6.328745314770614	-15.317607561592322	27.751202742533835
0.9579158316633266	10.869560477877007	4.693912331422449	-1.8758145604746665	8.202571793582775	1.5249520226382716	-10.329790398759567	29.191631976914937
0.9599198396793587	10.399704712304956	8.32222856029996	-0.6143192229245701	1.5183595271602162	-6.978513659094339	-3.133073754118196	17.715703344347755
0.9619238476953907	12.478089941751266	7.049333528963643	1.469456286691856	-8.331841628307181	-11.585037689204812	5.420338818502887	0.31197918172876593
0.9639278557114228	14.976603382258988	-1.5231805468745436	6.248116103131671	-11.481683527312637	-9.440093913632397	13.18135909735221	-14.502653368558272
0.9659318637274549	11.712534882652275	-13.118490910518364	12.861521282919547	-4.80224229372546	-4.565267460283377	16.924098904929036	-21.123375031195796
0.9679358717434869	2.949180679692827	-20.152857155387615	17.13124644612144	4.571362470171897	-2.997330449627147	15.423120850733103	-18.986326916196166
0.969939879759519	-3.4525002773027285	-18.254223101316178	15.997153425708133	7.195913195276356	-7.047897724792709	11.014202408961669	-12.254470696329038
0.9719438877755511	-2.1461808848732065	-9.690515695173007	11.237503253082043	0.36672291295407067	-13.373179926327389	7.348099251973051	-5.701284044320518
0.9739478957915831	4.385041673915662	-2.0065763822877627	7.353138180371038	-9.988955743676913	-17.342873169925088	7.951177718675372	-2.2788359550451465
0.9759519038076151	9.58701853044047	-1.3862774284402855	7.239035386506639	-16.100236668489444	-16.525158942854095	13.208675047880103	-4.178839184278258
0.9779559118236472	9.023638410504777	-6.200744218402735	10.062351328272012	-16.555874629068263	-10.422483193083567	17.110871604791935	-11.159279294758196
0.9799599198396792	3.7064128175764535	-9.457590017594756	11.644613602719676	-13.86615991745995	-1.721223044872393	13.104772171159386	-18.5135815434851
0.9819639278557113	-2.0643549236744696	-7.4445400737868255	8.373153988656965	-7.666109436837825	3.9854901128707185	2.6017556168459803	-19.707453611643817
0.9839679358717434	-5.15371282834694	-2.456500059138214	2.303349978355589	2.653982056779544	4.0898249291137185	-7.286434391481953	-11.271628364023586
0.9859719438877754	-4.832388699045335	1.9161338631896678	-0.2868025291291444	13.137010635304621	2.3380855260218505	-11.859788765109915	2.2999818155005296
0.9879759519038075	-2.3940655220028138	4.373837539947797	3.024105512076268	18.06516937865411	3.1868993251741076	-11.792109144518609	9.931608742760993
0.9899799599198396	-1.3009607990446168	5.2346722004403805	7.144462514017817	15.133505500639291	6.599170488624401	-10.069633678004504	5.547487920863379
0.9919839679358716	-3.7023747938203004	4.125050921621449	6.305154279045877	8.005061227105841	11.18794033880506	-8.29768656507618	-4.880541922015432
0.9939879759519037	-6.587224658249555	0.5001272130267335	1.1772630723344204	4.1099458620156035	16.671715064763656	-6.544008663662599	-10.751872316302453
0.9959919839679358	-6.097099659966821	-3.089945337884034	-4.524371665118459	6.605646457734213	20.56330158476062	-5.118540446722631	-6.306324421508501
0.9979959919839678	-3.029776204977519	-2.3276937918730947	-9.208800308285396	11.132160469163702	18.85284900957144	-4.690049499363686	6.383623870470565
1.0	-0.3055909458814925	3.4418082618335153	-12.293215802532762	13.740929635980784	11.654579648160633	-5.137002106180174	19.373259816771526
