Date: 	2025-07-01-
Time: 	1047-15

Picoscope code: 	1111111000000000000000000000000000000000

Max potential (current channel) [V]: 	20
Max stack potential [V]: 	20
Max cell potential [V]: 	20

Cell numbers: 	1,2,3,4,5,6,7,8,9,10
Area [cm2]: 	195
Temperature [degC]: 	50
Pressure [bar]: 	0
DC current [A]: 	1
AC current [in pct of DC current]: 	0.4
Shunt: 	200mA/200mV

Run without potentiostat [Y/N]: 	N
Frequencies selected: 	[10000.0, 5000.0, 2000.0, 1000.0, 500.0, 200.0, 100.0, 50.0, 20.0, 10.0, 5.0, 2.0, 1.0]

Time	Current (as voltage)	Voltage1	Voltage2	Voltage3	Current (as voltage)	Voltage5	Voltage6
s	mV	mV	mV	mV	mV	mV	mV

0.0	-0.6713283211670606	-0.2501429934264334	0.1895333974832941	-0.13593348561728502	0.06780056495336746	0.5671196988300947	-0.2464568664548379
0.008021390374331552	-4.091259082251469	-1.0183645250790858	1.2094488335173335	0.08432834668096123	0.625263604554191	3.233668705118284	-1.3914034353739873
0.016042780748663103	-11.052674111632173	-0.7681163150984144	3.136617324363102	2.595654862289579	1.9111169401927925	7.116727828192287	-3.604052278961344
0.024064171122994655	-17.475939206222144	3.2779430620191827	3.6405538976093803	7.484794634717	2.5275816715420514	5.521251119788202	-5.2100297960504465
0.03208556149732621	-17.560764884732222	10.163563210640932	-0.5595189478239135	10.558850267206358	0.5295524511112857	-7.06802436564768	-3.070842792312468
0.04010695187165776	-10.577367464937247	13.957283269330947	-9.09095427034488	8.426267263321863	-3.3455072016205176	-24.87975012915785	4.4270529277355175
0.04812834224598931	-1.9842619930259306	10.027072370569	-17.039453520822693	3.0446154955492406	-4.886495986204489	-35.0392687866459	15.19790612322744
0.05614973262032086	2.69897631954269	1.3119137156643723	-19.089101127583355	-0.5226773326095188	0.009335165774776846	-31.228223422902744	24.5000614345175
0.06417112299465241	3.923804427704394	-4.508376514544403	-13.028213240186583	0.2597365893520217	9.359808480737199	-19.03263944552925	26.5589088869753
0.07219251336898397	5.842953980297687	-4.702517603877094	-1.280902003654924	2.10943072626647	15.373898049119697	-7.761918945122841	17.32792882953884
0.08021390374331552	10.012161956165256	-3.1172683308309694	9.4757631394022	0.597348233108972	12.986424631662269	0.531924722908665	0.5661273523515409
0.08823529411764706	14.106402779597412	-2.4018255574085914	12.89282132780404	-3.5374645335369483	4.606234601467685	9.718444125107606	-11.953860444522512
0.09625668449197862	15.19578445020694	-1.735746108809297	8.861073415622604	-6.7441723193378245	-3.2465089686181305	19.412013348109003	-13.275865126660007
0.10427807486631017	14.065927415037248	-1.5041880878019271	4.5005987586811935	-7.938900747216051	-5.34458383924458	24.22866236880761	-9.370610338017304
0.11229946524064172	14.789085019921957	-3.9255734876255883	7.241143479988486	-8.563099937853407	-2.1442002486793137	22.69355687030203	-8.914357491140228
0.12032085561497327	17.95404352077136	-8.315386433829254	15.632635873827423	-10.030103760923195	-0.02889639842914915	20.00575660545933	-12.621586459046885
0.12834224598930483	19.501574572100576	-9.666965971915795	20.86248138246077	-11.637480588647263	-4.933132908365258	21.076571742933364	-16.488729531953904
0.13636363636363638	17.67103121327315	-5.221794033939451	18.60818840955111	-11.253910099235396	-15.057203105343905	24.681697651219384	-18.552400292138547
0.14438502673796794	14.242410484882742	-0.5634739228922787	13.289402322964213	-8.624843525106547	-21.70010285484831	26.03589250175393	-18.914005810175006
0.1524064171122995	9.332410942494274	-3.0094857906130947	9.883012761952335	-5.57631030058433	-18.950569883027534	22.80259197507734	-17.28499921872751
0.16042780748663105	1.782001960212875	-10.470267409623464	8.210705496945463	-3.1815356578444622	-10.987786333565694	15.57262907514805	-13.575211557755116
0.16844919786096257	-6.396686609689989	-14.422971177627051	5.8064352375963315	-2.0241471859761693	-6.430674044207844	5.493081578640971	-8.67334998011106
0.17647058823529413	-10.966566536902091	-11.223007155485208	1.3195981620100479	-3.637659207000539	-6.345374117271302	-3.5234619668829494	-2.964534121408147
0.18449197860962568	-10.628878071020521	-4.089223653794722	-5.602749049952323	-7.046407775862274	-3.536182821069343	-5.604495365697535	3.8092337626375725
0.19251336898395724	-9.070475973093465	2.936674083366826	-14.26630538526467	-6.815659201295947	5.384220583713079	-0.9945403302507461	9.885817696831996
0.2005347593582888	-10.627348168708746	8.223279995531039	-21.054065329714675	0.18536760073712488	13.787237512052117	2.2952552813975315	11.943915112470084
0.20855614973262035	-14.274141547634306	10.35111849023809	-21.31465333942126	9.196075966403559	12.885947408842839	-2.4096062872333373	10.845194023452553
0.2165775401069519	-15.120152482594944	7.545672856775793	-15.85790860195053	13.127950551638111	2.7575981252947948	-13.142645741982346	12.179748934656953
0.22459893048128343	-12.641597562113809	2.021652130944236	-11.358294554103242	12.077711229980132	-5.115553672844909	-21.776732603329712	17.832364790403467
0.232620320855615	-11.96149389796629	-0.7399636464446986	-12.46330826272715	12.507263897447043	0.9364403628746023	-22.013955034993213	22.280450385584448
0.24064171122994654	-15.917994082255241	1.404480390210861	-17.314792082210747	17.008947468934817	17.853376063120354	-14.681539204477879	20.207177105680405
0.2486631016042781	-21.119112412167453	6.391360062501783	-21.535782076243915	20.590637110967123	30.830581676139946	-7.122399646562316	13.896502796142
0.25668449197860965	-21.656744477407322	11.874302453968319	-22.825760027103446	17.523743350727212	30.617010620507365	-7.4810648854253685	10.045641478269221
0.2647058823529412	-14.726317295830397	16.248445795744967	-19.81743886610041	8.162374125667855	20.01326266448058	-16.622311133270742	10.790914687837175
0.27272727272727276	-3.013417535296255	16.760517954079706	-11.223848060780458	-1.6118173130286364	7.340615956831858	-26.162906120637253	10.656434058050177
0.2807486631016043	8.481699760801062	10.416477293332466	0.5157424367161444	-6.8822783189423316	-0.689752300824628	-26.132644597162805	3.1754892161133847
0.2887700534759359	15.732722496390467	-0.956635997009736	9.658759846334478	-8.037057211976956	-4.118679868735791	-13.42882826944354	-10.03538681215964
0.2967914438502674	16.19745284426287	-10.896000339776437	13.498988010836298	-8.162327025381158	-8.645866210235708	5.810212110562605	-19.48944840371828
0.304812834224599	10.739930736204402	-15.938538970953505	15.064934737447336	-8.145148765611975	-17.01677174833243	20.502338161605245	-19.538586376217257
0.3128342245989305	5.145797398653154	-17.64117348798865	18.776966231433725	-6.208490819512958	-24.680892700284723	23.68527905461048	-14.910220448003491
0.3208556149732621	5.514341978991369	-16.56010912760586	24.782587552899095	-2.560573634493409	-26.025788910808075	18.743096443131602	-11.670095038659749
0.3288770053475936	11.039514952937745	-11.499403645699527	29.56219846338159	-1.5896998062548708	-21.758010980518257	14.723839361140024	-9.739782283086779
0.33689839572192515	15.516846261964869	-5.337915667589703	31.058817547304834	-6.612777193343305	-16.90050864424756	15.416906086716226	-8.586835517414283
0.34491978609625673	16.42990169667844	-4.02734380928765	28.781366962580954	-15.039407111764023	-13.366495212918784	16.354732542753528	-10.866500054010185
0.35294117647058826	16.18753174703141	-7.874407257815019	21.46959997113654	-20.458368223059047	-8.916518915436674	12.272943734115147	-16.93082521223872
0.36096256684491984	15.397540551016762	-10.511735011313764	10.00773167519589	-18.185615854159607	-3.0971890242800844	3.883925258175568	-22.78346144108493
0.36898395721925137	12.043336440934322	-7.479846274822174	-0.5420297912348683	-10.269273017494605	0.5714425320046972	-2.7363278621063265	-23.682028870968043
0.37700534759358295	5.687184629333729	-0.1963452251467328	-5.438554922106305	-3.8837915000679772	0.07548007432898468	-2.7780134192081145	-16.88709617078535
0.3850267379679145	-1.8553045006285103	6.956840539099497	-5.67969116850947	-2.546156659894408	-1.370914939965639	1.4449175922766337	-4.10007069715279
0.393048128342246	-7.949522296945205	10.480946758237275	-7.398104341318848	-3.1830582732321884	0.6602948908953461	3.0739530247702116	8.58574752484535
0.4010695187165776	-10.062721305132374	11.197145134737225	-14.45089665269467	-2.011551488940887	6.584159103482978	-1.6408445294227199	16.56432103504015
0.4090909090909091	-7.354364376393497	13.203689781985188	-22.8250407205433	1.844110647375842	13.40196789160232	-9.790995087620248	20.12994106536214
0.4171122994652407	-2.8946649341671113	17.391511329081982	-25.240635751934224	6.926342394393332	18.209949687638744	-15.549826022487139	20.746295666868253
0.4251336898395722	-3.739907243261622	19.211782403279894	-20.407161899604322	10.945513747321316	19.311101221519156	-16.772012893492054	19.665109668520333
0.4331550802139038	-14.431066458599144	15.701320433101754	-14.602497977588099	13.040882173405075	16.252104834703765	-16.95862147101104	18.886746947246102
0.44117647058823534	-29.329676261158845	10.619531527638555	-13.680218366990156	14.961243642416598	9.109711820567455	-20.683179987428183	18.324484259917373
0.44919786096256686	-36.752563872398916	8.67478642495105	-15.725556149419834	19.84559115494863	-1.5943281363544115	-26.408521485000584	15.576095576401991
0.45721925133689845	-31.661072632888136	9.33878096593608	-14.130306104387959	28.243819042807555	-11.384084691645938	-26.468459663956544	10.157363501063816
0.46524064171123	-19.188523579928898	10.264827196969938	-7.1071806629239545	35.091428412289964	-12.05474802551377	-17.605235378462375	4.163289298372772
0.47326203208556156	-6.786688033873857	10.54347755901922	0.4202426994919069	34.00070584817889	-0.5582624789891748	-5.0956267152543	-1.200946799440344
0.4812834224598931	1.43005936935709	7.189819881827798	3.831887616163489	23.417382732153634	15.163051444765593	6.272668067656524	-6.157984830199582
0.48930481283422467	5.330112785020896	-3.0848780405712355	3.1446248619482864	6.352257278150931	22.661343836126704	16.126763504391587	-9.923442032582034
0.4973262032085562	7.499911421442996	-15.761226761504037	2.195667613552792	-11.413915164062699	15.646420134138376	22.47371407466354	-11.486487810442261
0.5053475935828877	9.616309155441934	-21.7960701995107	5.148540931812113	-22.4908286997275	-1.7067798386875528	21.05483072650367	-11.178088984479562
0.5133689839572193	11.310265248043438	-20.075053675607872	11.524156905426048	-22.972409849440268	-19.349578002811434	13.304135066494975	-10.016066136910172
0.5213903743315509	12.643735628721553	-17.669446009095516	16.536192788519376	-15.756477470770225	-29.548393318420302	9.022069155198178	-9.492580110688627
0.5294117647058824	14.333516661622024	-18.83587867140889	16.676281552434197	-6.688100047033911	-29.54110952228097	15.967583209867545	-9.828857768547897
0.5374331550802139	16.43478218878361	-20.634468784485943	13.370175791739817	-0.8505084842362723	-20.26920384900196	28.796647928011726	-9.218285332607788
0.5454545454545455	18.210594554270088	-18.672091607113625	11.775822658875958	-1.9281982737855468	-6.957681445032767	33.59269331179169	-7.3172022333608515
0.5534759358288771	18.287510135699872	-12.644029380868911	14.969048002207089	-9.23921875272987	3.03806986286437	23.449966453014316	-5.229172499900062
0.5614973262032086	15.993298425303148	-5.434280784216332	20.448507141593346	-16.121661494711	6.090473878597191	5.588775936161357	-2.803159539386871
0.5695187165775402	12.528218818983321	-0.4307511553110044	23.698414758509458	-15.850116534134044	4.005651485115303	-7.582840027251664	-0.4532081002122182
0.5775401069518717	9.328638521981457	0.575326883096055	22.455330352394775	-8.061169091414852	1.900216470705043	-10.303305087001872	-0.46285721826899406
0.5855614973262032	6.4654285561280895	-0.04609432837061167	16.449348081971117	2.467755531757685	5.664366921725856	-5.895640871283288	-3.462143445724168
0.5935828877005348	2.9531791849134743	2.353140719528312	6.529847359098119	10.81983536805008	15.863577229358958	-2.4949223294390133	-4.837115560197835
0.6016042780748664	-2.0943256148091196	9.221196123904713	-4.0919886428929155	13.894902749454426	25.155316006666833	-6.569682268153561	2.1021515151318075
0.609625668449198	-8.00274270451033	17.001254093140535	-11.274208739470966	11.227256938214008	27.51406092640872	-17.141412446545623	16.997907585604377
0.6176470588235294	-12.956818766219167	20.937145764227576	-13.711455676240728	6.7038380578929555	24.949302484799638	-27.542110438406347	29.929193204128364
0.625668449197861	-15.684136985434249	20.95802082793984	-13.97524757980759	5.5318518160590635	20.41100960290349	-32.58758268765748	30.55526346395785
0.6336898395721926	-15.241656528283654	21.95376471046084	-16.329611900727148	8.191993379774656	12.3635423801605	-31.165369742425334	18.612390033605738
0.6417112299465242	-10.95548793482841	26.1856286415461	-22.14548698405708	10.303962349922333	2.1344944327287894	-24.333809855092067	5.064803684629811
0.6497326203208557	-4.660409581297862	29.201376326460117	-27.15860814239881	8.071897467622174	-2.5185629792027577	-14.516841086613404	1.6129759456360262
0.6577540106951872	-0.9294679766867648	26.550106905692953	-26.364721656191907	2.1837769114996877	1.8000744123927477	-5.39258958444965	9.359382266320285
0.6657754010695188	-1.9115945023070722	19.160656971221815	-20.47270415818463	-2.994400343639205	7.663360932990232	0.5924714376128066	19.263206459353633
0.6737967914438503	-4.05887949607156	9.332283842795873	-13.435165234416624	-3.0319778455917192	7.02986894757524	4.105036287259585	21.19605322520005
0.6818181818181819	-4.331709306647503	-1.6664730928521476	-6.304085250893615	2.1622645470884474	0.8328721294282759	6.81245517841842	12.127857462717511
0.6898395721925135	-4.396467268236138	-11.13209292971771	2.137045921554715	6.519597518544462	-5.82615432267841	9.7160309589496	-2.5252523019846107
0.697860962566845	-4.576632829682551	-15.909911578669318	10.890104732592652	2.503467326997375	-10.917427211435266	12.579484415812253	-15.186532538452301
0.7058823529411765	-2.0665175860601304	-15.599651721750444	15.896701727308772	-10.801551038786956	-14.198197537140159	13.242712193094066	-21.77658411900224
0.7139037433155081	3.8979853321598386	-13.213157667253508	14.259784409678081	-25.229150294678007	-14.353926274969572	11.050312306415437	-22.123189751507912
0.7219251336898397	10.711235867281554	-12.430472558727617	8.6768038760732	-31.196207042649704	-11.132434722524314	8.908562463792961	-18.971954230989372
0.7299465240641712	14.578510790742367	-13.646238899962182	4.866268763215365	-27.04325705352896	-8.253596181554592	7.524440804903406	-16.522280403074067
0.7379679144385027	14.324801327908585	-15.573512459480744	5.0692108261073505	-18.527102061601525	-11.543157340435805	3.187810082941731	-16.840889698822426
0.7459893048128343	13.01280646254523	-19.038629561811927	7.252378829676288	-11.790998757226397	-21.78240013982301	-4.859407233209159	-17.190783307984
0.7540106951871659	12.824335295484882	-23.06927558368695	8.550323571710235	-9.994106557727292	-30.540563680277465	-9.951497251834468	-13.137747048188222
0.7620320855614974	12.041076128020972	-22.125039260417022	6.886386616989701	-12.420405385654636	-28.54154356763842	-3.882107449175425	-4.293094169109003
0.770053475935829	9.472815654033422	-13.771514073772154	1.6867047979776675	-14.554054831287035	-16.256896109881037	12.631202103278389	4.916955930098202
0.7780748663101605	6.671040694615857	-3.0234964645943987	-5.044319570874905	-13.258575938075513	-1.1211062810172108	27.586647963327007	10.021259843871922
0.786096256684492	4.596390415566149	4.466225204971815	-10.181046312815464	-9.306030124974837	10.68996068619788	29.361203605534534	10.740432259466347
0.7941176470588236	1.2150569245714398	8.806092956203946	-12.507622177895337	-4.2708597882146435	16.073235917489953	16.932256086678585	10.641247991159352
0.8021390374331552	-6.061203184353158	12.698016684523191	-12.528967464028018	-0.23369337587445602	14.737729866305035	-2.59657693500889	13.320811551820706
0.8101604278074868	-15.512934258858392	14.811882448815844	-11.234939983607962	3.013503858159427	10.111419805142498	-19.446197342229656	18.098239898019347
0.8181818181818182	-22.099056638621796	13.33146727999886	-11.13871595731917	11.40014314195794	7.2849695826314935	-25.968778132616798	19.77418392072641
0.8262032085561498	-24.03949644624604	11.510810679276899	-15.533221502757277	28.048590045011796	8.625661741518096	-22.484652084818357	14.552350454246483
0.8342245989304814	-23.72686718111578	11.319205478185578	-23.0953563383325	43.96549143181086	11.40495803621697	-16.162075117037865	5.322443542455638
0.8422459893048129	-22.31307217515505	9.808754375843362	-25.08678203107508	46.172055295785455	10.136061741736784	-12.81421654139914	-1.621996681082346
0.8502673796791445	-18.861885976761087	5.41063073876845	-14.199763977705354	33.709100187847085	2.9574978765429107	-12.806512975330678	-4.114825022688078
0.858288770053476	-13.95325270261685	-0.43756343920713947	4.594321018913857	17.811345299931894	-6.3202618478369175	-13.710089995384472	-5.344419494171706
0.8663101604278076	-8.992936697253354	-6.96365720952252	18.22435690794513	8.292982697940953	-12.76742281586517	-12.506806585713134	-8.132474636194967
0.8743315508021391	-4.059332273500913	-13.241243912962416	19.291204687790803	5.8110870759563955	-12.570576028049613	-6.379014309652241	-10.352934875342326
0.8823529411764707	1.061435245051338	-15.350778432624546	11.616262291818455	4.4873703583449895	-4.667931750034546	3.738821342226205	-7.673829723431592
0.8903743315508023	5.752822254651478	-9.8575958388157	3.47167592769559	-0.5760536624534381	5.873074993799561	12.607062475938744	-0.10417818538495884
0.8983957219251337	7.6023986012661515	-0.31656390741327955	-0.23883350546450646	-8.6418517927163	11.512759208826411	16.023213776041693	6.461201292585701
0.9064171122994653	3.9133362397230522	4.261053698477722	1.3025893572690599	-16.030960485485416	9.495933668058507	13.50777825212112	5.952645403257876
0.9144385026737969	-2.3171448177957545	-1.4866888231400943	6.938271411468299	-20.09720364524603	2.3063800127408043	8.052795853233643	-1.305101182661967
0.9224598930481285	-2.5918575087261138	-14.507177880156922	14.455741602356943	-20.204228716241424	-5.8283476535813055	5.679779620009131	-9.837943938573186
0.93048128342246	6.397573302913812	-26.776058052185565	20.93057804170774	-18.07249031851289	-11.178451085772364	9.570407159033337	-15.167945881508883
0.9385026737967915	17.435253921199262	-31.10817297076334	24.175863507317487	-16.6916572775054	-12.293065869760014	15.42350127248633	-16.077080024152753
0.9465240641711231	21.698576594297858	-24.952030973543636	25.23544933678601	-17.06635540518998	-10.882779622513857	18.807268879055474	-14.36466907580287
0.9545454545454547	18.837639229711154	-10.756120468428199	26.141864335786885	-17.68874723876465	-9.47227789645837	20.451542970469962	-12.7128111794782
0.9625668449197862	15.50160486738471	4.27830109157814	25.12095230709263	-16.6243719388533	-7.967223911918003	20.801264283645853	-10.936620007124665
0.9705882352941178	15.51569627591262	10.857927883792577	19.335252337950422	-12.405985734006604	-4.565866207149275	18.389356858428787	-7.126212596372475
0.9786096256684493	14.81538526493492	6.031255386148768	10.019672978112052	-5.371635893101738	0.9191553775924104	13.526878527621792	-1.6622765321581268
0.9866310160427808	7.918736731425214	-3.364786543523867	-0.014131105235642465	1.1356196592888472	7.52199793478598	8.672336871659654	2.092878555088535
0.9946524064171124	-4.394358952432506	-7.271951423823795	-9.442586515144972	3.9973639792698257	14.748190395145809	5.540298021870629	1.033281439470451
1.0026737967914439	-16.785777654467317	0.24996398226855343	-16.93433865694254	5.056617624990366	20.77948889674783	3.124933055506079	-3.000023211448715
1.0106951871657754	-25.205888026921066	16.76995642914407	-21.96039985983595	8.813530552975195	21.807280409585765	-0.5687525399473681	-4.4816931075630615
1.018716577540107	-28.698448328278054	31.907776451582524	-25.030218472545688	15.170676292014443	16.316079413977324	-6.938658026692007	-1.1537264220242445
1.0267379679144386	-27.710835527299956	35.1453314676752	-24.95311006359032	19.432314715782603	8.462620115921556	-16.27551955685607	4.601441428118927
1.0347593582887702	-22.792941825458136	24.46594186816932	-20.596237170755764	19.457898402402375	4.743370461486787	-24.531775573508778	10.08295227836009
1.0427807486631018	-15.269033189567644	8.373635143783615	-13.969967380946418	17.33568034522187	7.299058185540943	-24.893956617002438	13.627841441763438
1.0508021390374334	-7.806814120412979	-0.0913436703159029	-9.237832798558376	14.273640029701115	11.355694384027645	-16.58562325232675	13.670443020801494
1.0588235294117647	-1.9748866362546795	3.9233057073044004	-9.334373372156936	9.354861472783352	9.520784199243076	-6.039724891340263	10.187258123547526
1.0668449197860963	3.1675456824689254	11.463759593051922	-12.432123530935055	3.1672395719920217	-0.9116187440277896	0.9635394338541254	6.545831217202308
1.0748663101604279	7.96982149581724	11.76892663626163	-13.468888376605316	-2.64374169659436	-14.145084414855823	3.244357699401483	6.279710278879272
1.0828877005347595	11.700450246847401	4.907947792270134	-9.006012304785509	-7.097912353934817	-20.717770675080047	2.141149195970194	7.198546168306547
1.090909090909091	15.02787192002265	-2.03094082815316	0.9254236499707095	-6.581857126778569	-17.684948033730244	-0.2425241835368327	3.310851017322599
1.0989304812834226	18.128197651718295	-5.26001281628214	12.563173580144104	1.8935739705146246	-11.657360663816007	-0.5427403185399768	-5.990781085579328
1.1069518716577542	19.335869797374126	-5.798269305912445	20.036924207036602	11.75214092043887	-10.726485859036542	3.248585242736565	-13.43013928548903
1.1149732620320856	18.812677748142335	-5.480291907115632	20.56038858161709	13.005303887214762	-15.783676478001345	8.400484171034352	-12.168383262889199
1.1229946524064172	18.85924102345676	-5.375313857689518	17.94616669985212	4.7214507870810465	-20.011449201333757	10.496466837448708	-4.008775144614392
1.1310160427807487	19.66674523142819	-5.425207394179701	18.518673362014994	-8.13799509514578	-15.973504927123065	7.191546070063249	2.2872529026099153
1.1390374331550803	19.549193077832896	-5.818203547474141	23.60022284549919	-21.49267082745847	-4.272786798115064	0.13757584157376768	0.3915960970475582
1.147058823529412	18.48394875035468	-7.992116915151735	28.036877312663584	-29.077719300317487	4.983152324893862	-3.8567316834095	-7.9575062279769755
1.1550802139037435	17.41045512139874	-10.692740617693001	24.517245855132042	-23.616966856983016	3.4372060245251848	0.26310448830903127	-16.55385184615476
1.163101604278075	15.187679443466964	-9.904841592919961	9.877354444342094	-7.54731229446174	-4.171481550340067	7.859743320919599	-20.475171832375715
1.1711229946524064	9.837390497915253	-5.423552164405745	-9.454885837392235	4.419906544883503	-7.2076455067594285	9.891590508936362	-17.32068068507271
1.179144385026738	2.5845668027624322	-0.9886631614097916	-21.41975136572452	0.6517821737291684	-3.4365863631798903	4.130110330169901	-7.626279498496333
1.1871657754010696	-3.1504004362394786	1.6252754779458711	-20.8824789922316	-11.875972860985168	2.077393215535943	-3.3536688412516553	2.446877887355872
1.1951871657754012	-6.68081292292793	3.5360351009283586	-13.968331281966167	-15.932125157822624	6.13674109685741	-7.192198219795539	5.505518444191597
1.2032085561497328	-10.024648758679499	5.573241801631424	-8.518205467932356	-5.877627791442411	8.98998754675652	-9.007201736982424	3.7396248820554883
1.2112299465240643	-13.676468668587326	7.271311847421927	-6.193896807219292	8.76019406458345	11.142229075815502	-13.40520411573681	6.806438217490698
1.219251336898396	-16.476332171028623	9.379110414000579	-5.7536030443399495	18.183159034237924	11.592149790649517	-21.422390272036516	17.911617635586122
1.2272727272727273	-17.375222256815864	13.97295055809723	-7.452680920133472	22.076726427743893	9.521715365334433	-29.11770416257466	29.746488592057464
1.2352941176470589	-13.690229715540722	19.07340538576788	-10.071135730764356	25.981815485257265	7.974380349069595	-31.18683370436444	33.33758922481838
1.2433155080213905	-3.6314663303208183	18.766135076124666	-9.450462105164778	31.4304501553252	11.18778591998028	-25.785647220252553	26.616462942493758
1.251336898395722	7.434472901662951	10.924293464688635	-5.27168923241545	31.971403044881257	17.278903745182543	-14.996243076388375	15.818261423313244
1.2593582887700536	11.51014558895294	-0.2643543295685568	-3.109064950031226	21.040853655031995	19.661874048904615	-2.9409442246861413	10.002580814999963
1.2673796791443852	7.993864932241411	-8.041611344674257	-5.593648515757368	1.0813102316048187	15.459033540398554	5.090851852872228	11.898021908246195
1.2754010695187168	3.39106512784313	-7.29121339356324	-8.746102497554432	-17.6928041788482	7.7990822626538066	6.746402913503181	14.72592017718639
1.2834224598930484	2.8545147027949236	0.5616332420822832	-8.022089598590874	-25.72272060717492	0.9288659273333921	5.164107459731682	10.497449826885495
1.2914438502673797	4.95684181282978	5.993624001151439	-1.948044559917457	-20.685903071622977	-3.339013136490849	4.140359251003573	-1.4639930176258273
1.2994652406417113	5.452254658753916	0.05894700854597401	6.836941247113688	-8.954907541135348	-5.256055347335572	4.764510256573623	-15.239158341647798
1.307486631016043	2.6175155115237922	-14.762333610602589	12.095932696737274	-1.5298299229825418	-6.677749017358041	6.842415249486787	-23.37121486559447
1.3155080213903745	-2.880451989656632	-26.609723396641545	10.938615229110928	-4.320621613034115	-9.684261367089212	9.846526959778503	-22.234383835501013
1.323529411764706	-8.195231056938182	-26.719817315514614	7.066891961005386	-12.610044461082387	-13.325405276132264	13.390999052768601	-14.800333834253356
1.3315508021390376	-9.307828540535603	-17.27946159747759	3.9957866498427768	-18.45918291309009	-14.000853702794123	17.320010906693373	-6.9850730784403146
1.3395721925133692	-6.0503537098764015	-7.566958723842173	2.5355048541218084	-19.08985910030642	-10.530844322351996	20.05272599773125	-3.133360450802239
1.3475935828877006	-1.87519962058725	-4.353744653593099	4.462904934025501	-16.49097029934068	-6.80226411526896	18.637859417914466	-4.7521923101760235
1.3556149732620322	2.1155297028916715	-6.128586075680932	10.213117964595419	-13.677884797376079	-6.890958105005302	13.169999166878121	-9.614709645353512
1.3636363636363638	6.790320262096219	-6.987271009291124	15.318418689182407	-11.243801930749212	-9.331666686242128	7.338648775824399	-13.169253532755317
1.3716577540106953	9.377766590533103	-5.144140581087367	14.181300726102725	-7.045328849138917	-9.75035468753853	2.8409080936837605	-12.994224318033067
1.379679144385027	4.5379625519415425	-3.495198959957506	5.335204539825068	0.5869274880265266	-6.397116617725377	-0.6344546840927072	-10.18531383415736
1.3877005347593585	-6.845012527258958	-3.3930663023628207	-7.451903184112996	10.520897076013105	0.052431652815851215	-1.9525633979957893	-6.469447564729129
1.39572192513369	-16.072607115334826	-1.9823603886211942	-17.46075059000424	19.457500867529976	8.085794176588246	-1.0405243362840824	-2.134045223118062
1.4037433155080214	-17.43784879606642	4.1207333190687105	-18.816745421508735	24.779664067107674	14.547280775138148	-0.6701045610637348	2.955192178404748
1.411764705882353	-13.65886698201226	12.881011024323952	-11.27558730333472	25.907802895605055	16.66238834772941	-2.8025350582547324	7.584622095295068
1.4197860962566846	-9.38264697078746	17.871062620643254	-1.959590185967863	23.472315763265964	15.249290375782198	-7.119963580914401	10.420921556975614
1.4278074866310162	-6.977090632023837	17.00611287995843	1.4147030700180998	19.075343683163155	13.398257763882217	-12.394610954157496	12.47813220087203
1.4358288770053478	-8.118518688499725	14.505196844657991	-2.2223981057032525	14.335783559727902	13.017834103716078	-16.687367343965597	15.275778312680524
1.4438502673796794	-13.595512381912748	12.331464037622613	-9.043532198957784	10.07522219008042	12.396007999614278	-18.76573635058123	16.929625198691614
1.451871657754011	-21.89988335861061	7.511931719959803	-14.503618855568634	7.605146325565126	7.816119126927598	-19.269624415401154	14.336962096142077
1.4598930481283423	-28.79594126317039	-0.23398201882794153	-14.75649818490712	8.372340374022052	-0.5039991522763894	-19.073689040773466	8.785787304457433
1.467914438502674	-28.300934450589892	-6.296686607425759	-9.373219937023388	11.447649381066798	-6.865174448074811	-17.726435267390592	3.4289303473149717
1.4759358288770055	-17.748358252945025	-7.407810299174269	-2.4999942652949185	12.502101276501202	-6.703395854766329	-13.61869812556592	-2.4629597308914066
1.483957219251337	-1.3615072002941175	-5.186584057484811	1.6672297308643607	6.320572614668679	-2.3939578509669475	-7.016144341132419	-10.074554330946704
1.4919786096256686	13.318245820709011	-4.417295597991599	2.935419303982557	-6.614921162459499	-0.33889458827266267	-1.2237910424385112	-16.49800232588874
1.5000000000000002	19.633401403527515	-9.060972773495003	3.5755262282302605	-17.959328071787212	-3.2772469035408975	3.310494720741937	-18.118543632714385
1.5080213903743318	14.33552002431346	-17.973930132952585	4.349840607826962	-21.239742035770078	-7.8535095509931345	11.538257865205512	-14.819657939193508
1.5160427807486632	1.5114669536961103	-24.9418022114859	3.9179289732431437	-18.806003207557936	-9.833323963922828	25.722057808613307	-9.863592570905961
1.5240641711229947	-7.52025417284456	-25.034949052860338	1.541555450173713	-15.055528035332271	-8.90729526104033	37.98188491393791	-6.752717204730305
1.5320855614973263	-3.7479468896613346	-19.1203981510057	-1.2140101115731323	-11.127483917130839	-7.225450543113324	37.44729060929909	-7.252220907108128
1.540106951871658	8.774896657792992	-11.023349982318816	-1.4875309327518187	-7.804124994293222	-5.642792232062352	26.15563900367265	-11.677267782758381
1.5481283422459895	16.86992292211075	-3.5957068947981026	2.255106222248245	-5.728637196486934	-3.632720050124084	17.357818969234575	-17.819267232867407
1.556149732620321	14.789367606775524	1.8055907102022384	9.032144618142194	-3.4981527640740926	-2.0160827771868903	16.901653339419557	-21.431001685713007
1.5641711229946527	9.611998512307226	5.350363489294622	15.094950279777041	0.40649574474024386	-3.188149311915233	18.435316140300095	-19.314037347037818
1.572192513368984	8.469241193039325	9.094714399379003	14.959302710429048	4.840928931946788	-8.019330030975484	14.854649700566101	-11.086139515335494
1.5802139037433156	9.189321844573302	14.21004522551016	6.999507058813541	5.868869038297577	-13.42597473122969	6.476331708937837	0.370903165966044
1.5882352941176472	6.574940001763822	17.7484683797712	-3.012582659581768	1.470400219826823	-13.77558478942935	-0.8047740646915833	10.445777041304236
1.5962566844919788	1.2976974511479142	15.669452533672231	-7.715598936541563	-4.10008438566951	-7.363504015885075	-3.0224877445582004	15.066346000734274
1.6042780748663104	-2.1254264556486726	9.180751988510108	-6.362532124796064	-4.950491142798505	-0.12179058315744688	-2.0960122534425234	12.461233825681939
1.612299465240642	-3.36029818296947	4.723035360887234	-4.435693757071534	-0.18561889473071633	2.194601666373938	-2.730293091003183	6.359988029902934
1.6203208556149735	-5.654214777596624	5.737536417347684	-5.299333003709841	7.131732983423676	1.738258916399367	-7.418618323413785	4.823063114382642
1.6283422459893049	-8.133871458449676	8.856600723453823	-6.481846593781774	14.12731197113131	3.908987427252304	-14.610080824503939	11.33184343572133
1.6363636363636365	-6.490372734652133	11.984024636005001	-5.1527728750644295	18.110324540120438	9.313847622652837	-20.034980433292144	21.33214882130454
1.644385026737968	-1.134119870221922	17.305331675146423	-1.9691347342143264	15.926916694089865	13.543460568218446	-19.25184671816485	28.506191062193757
1.6524064171122996	2.1540501433717782	22.692999265400427	0.859285304243582	8.100216569399162	13.8193018128615	-12.606238602097115	28.634118194232503
1.6604278074866312	0.04317027731750511	22.56587860626234	0.8805615552287918	-0.2964676323777041	12.337664518508323	-6.987704794701691	21.438749857859694
1.6684491978609628	-4.753389576739883	18.031871338068125	-3.60029142962454	-5.857915339368907	11.229523843148687	-7.466513844987657	12.023176791493833
1.6764705882352944	-6.69356620216458	14.97371389908258	-10.159612494015724	-8.485392532688387	9.074183980156265	-10.556959693855802	4.45649948726128
1.6844919786096257	-1.8196859705257384	13.858882293367802	-11.83030640396551	-8.147716583702197	3.9621121660039704	-10.404891260167686	-3.5396948293406494
1.6925133689839573	8.0738007240298	9.50029863086557	-3.6115857652095835	-6.789207747498651	-3.4361273474389553	-7.329461481705424	-13.953061247610004
1.700534759358289	15.484740020396831	0.3441553131915973	11.138948621873073	-9.826971983654943	-10.196298076280556	-6.245778948225632	-22.110982345302123
1.7085561497326205	13.976980772650068	-7.792214344897351	23.564290786931352	-19.63529326770079	-14.820686917906457	-7.868094774526836	-22.313519616249685
1.716577540106952	5.503422486705655	-9.269078516843958	27.25315045328623	-31.276196392898235	-18.98421225123254	-5.228277937755499	-15.063424308647987
1.7245989304812837	-0.3717123151430577	-7.099578761727662	21.868049137463736	-37.62435816939406	-22.481821215711644	7.3648091790307175	-6.268989625973956
1.7326203208556152	3.604684429701	-10.4069422147825	12.472506438292498	-34.740384294752815	-20.49253634870049	23.86008971790945	-3.790295033140315
1.7406417112299466	14.439969849793858	-21.723426202028225	6.467724631366912	-23.53778711231002	-10.384535819753145	31.87929307908552	-11.398222326110089
1.7486631016042782	22.196909228373695	-31.49813843793528	7.7911591819815404	-9.847347783057627	2.658146339857575	27.94657209123908	-21.708251652203582
1.7566844919786098	20.14629530146334	-30.090307070411107	13.08421637972909	0.2785665681623769	9.694161491430982	18.597948656296534	-22.630419732724494
1.7647058823529413	10.761091483226974	-19.520040814447892	15.48240991676357	5.732003467500539	5.242318871713701	8.804792286125341	-12.55642820009837
1.772727272727273	1.9617243274224887	-7.8146787064734315	12.151736654023571	9.046763093620696	-7.3722267816539695	-1.766472498280654	-0.4869280004409857
1.7807486631016045	-1.6099200904216608	1.5377961802206346	6.101607155482845	12.165108137890792	-16.696995940506632	-13.215347276499404	6.611455952107869
1.788770053475936	-2.701190870940729	8.448393290168907	1.1029248073690627	14.287243885724168	-14.224838107248678	-22.06039528169013	9.294803836313744
1.7967914438502675	-6.229168827275022	12.485091425650275	-2.1354006840183395	13.85273599634618	-2.6979125087381335	-23.985108967069717	12.096033850528842
1.804812834224599	-11.882704919931763	15.359390399617629	-5.106573588457292	12.308774155277293	9.796073888201498	-18.76654485212135	17.987982398563748
1.8128342245989306	-15.318575168015789	19.346046265384654	-9.099719262483703	12.533715652279655	18.517231509573296	-12.239903194810507	25.42611975769532
1.8208556149732622	-15.297407683260182	22.746898989810397	-12.956735165931168	13.720753047820667	23.0174701000541	-10.865558579965388	30.827632106820264
1.8288770053475938	-15.165575814984415	23.018517726325538	-14.806903595798989	12.642047355431261	23.941499919316946	-15.141137271865311	31.53089645953687
1.8368983957219254	-17.492389117664423	20.136163533620863	-15.811711711079457	9.238478355302572	21.367542482684687	-21.361691255407273	26.229415545584676
1.844919786096257	-20.33015555827707	14.144696784330831	-17.313405220842036	6.9410636853756476	16.156188820626756	-25.415792991406498	17.08817616434023
1.8529411764705885	-19.453236145744448	6.022435478287617	-17.153473885404868	7.555068342238799	11.866719870889197	-24.395408734495653	10.353580742801586
1.86096256684492	-13.526537649845691	0.3408803545904032	-14.304512985835386	8.760848523787923	12.180271675890376	-18.80922451100401	10.247810183683672
1.8689839572192515	-4.775034651037136	0.7147880461863625	-12.416945523452847	8.560761053139885	15.286442272412561	-11.644723263390283	13.577373301033562
1.877005347593583	4.987524434297915	4.8060993912567005	-13.34114547694708	9.529374910209441	14.902757789160086	-4.733840858205949	13.688514032869126
1.8850267379679146	13.830118078624702	7.402559934846357	-13.080469766335762	14.536838516851157	7.824948111889714	1.9299450141770191	8.29497325612966
1.8930481283422462	18.059314663409534	4.921243465956811	-8.227036680501365	18.78414436275208	-2.3922150523945658	7.807685642510134	0.2284203444213031
1.9010695187165778	17.072009583450438	-3.917450899051499	0.42275155675408704	12.395048498083206	-9.221595581179864	11.135898341564436	-7.534408963585103
1.9090909090909094	14.430097787143895	-16.862428899861975	10.817295381139582	-5.808713349707601	-10.110226166835103	11.810427946464829	-14.13834617583036
1.9171122994652408	12.203571212933522	-27.64228229967488	19.35730394020387	-23.657388577217386	-8.6153323065485	12.403122871502193	-20.02285315579761
1.9251336898395723	11.118771116662753	-31.40102271952821	20.002556447381604	-29.032883938373004	-9.48458955036319	14.813140877606994	-25.162003247313812
1.933155080213904	13.727720030834254	-29.830357690430187	10.311063706376194	-22.036722242497362	-14.005895655260456	18.1630191521563	-27.141182683556895
1.9411764705882355	21.392149403585567	-27.857805603921403	-2.4464467985996956	-11.43417032634042	-19.313915735244066	19.89331658557514	-23.457494458047865
1.949197860962567	30.258767211065244	-27.52255292424311	-7.035249974540297	-4.751020941121629	-21.998816012773915	17.903669489927214	-16.82907004149133
1.9572192513368987	32.46251312332483	-26.852789468702266	-0.5289202541685675	-3.5395829454026644	-22.591673622762883	12.977924757972504	-13.975572231427595
1.9652406417112303	22.15435951541687	-23.72977202182218	9.30397249680328	-4.946316006718474	-23.383725684206055	8.540254250239132	-16.809220350533714
1.9732620320855616	1.4585160739048615	-19.648786043513393	12.040392022296306	-5.1034527179051725	-23.761820321143688	7.246246746119271	-18.64056476890696
1.9812834224598932	-19.89267540755718	-16.70423355293001	4.161399166548024	-1.7947417482127208	-20.680590160077564	8.688375814254302	-12.988898341352927
1.9893048128342248	-30.98540017231659	-13.169494041894065	-6.532591299481081	3.5216647594523045	-11.482909654000519	9.757762669229542	-2.3898189064230193
1.9973262032085564	-27.541104857361347	-6.924965915999964	-10.227554830109352	7.7712572673136755	3.4160895917777068	6.270990782202638	5.587460796591546
2.0053475935828877	-15.933154158400036	1.4683273559217418	-7.916478122571031	11.112609432816402	18.788895372035846	-3.709195767369422	7.870072545812124
2.0133689839572195	-8.484981407222163	10.872682954839265	-6.686225578021777	15.988462644937204	28.10646776729033	-16.191339976917398	8.288341072718838
2.021390374331551	-12.031014488557707	18.73994971843008	-6.995928209635438	21.43666713805791	29.90125787755706	-23.11543161398168	11.060572941629484
2.0294117647058827	-21.54634470180261	21.976547191565068	-4.450757977173427	22.885908576319252	27.72360442418051	-19.539992617468624	15.864548329786448
2.037433155080214	-26.600466617092422	22.52192764879228	0.05023133087565132	18.117885234583678	24.479620680105743	-8.111503758024368	19.916170650129068
2.045454545454546	-22.58475959095309	25.070569472561907	0.47194409445973506	10.922686296590065	19.70060681571031	3.927277410255068	19.884666555202294
2.053475935828877	-14.670576211301515	29.102827175765324	-6.243826538077783	7.666070383497814	11.530632229765965	11.588400182109835	14.17126378087352
2.0614973262032086	-10.956366807115598	29.207434856751203	-16.233595303675635	9.352052892211526	1.8154123618344877	14.39449898915541	6.526413517975535
2.0695187165775404	-12.243148256064726	21.950477758009097	-21.680474348005053	9.332351355598558	-1.4651497791289858	12.88962385983941	2.0729839257232223
2.0775401069518717	-11.304604989502696	9.69840964185198	-18.74552281454456	2.436369767433342	6.209302976625394	7.30013909334838	0.6596829930507451
2.0855614973262036	-2.936150755874473	-1.0947008285529027	-11.42795767096066	-8.159108527935379	16.214512986826584	0.21808905515254878	-1.2672619927865862
2.093582887700535	8.250455412147554	-5.2967385834228375	-5.022296189261136	-16.819497657230976	15.546350400889617	-3.728470370492874	-5.9595000371039335
2.1016042780748667	13.280138711191158	-4.757830658588809	-0.8960430789771073	-21.067082910992056	1.4651111085450965	-2.7344619918869255	-12.813018125546673
2.109625668449198	10.815800042286927	-6.392588973972634	1.8110645176149267	-20.55965664038513	-16.73821694498156	0.9010816076252426	-19.034241020461113
2.1176470588235294	8.10250886168053	-12.34285407733125	5.615265729522311	-17.157069297985714	-26.333822982085405	4.872958832799306	-22.0512986895821
2.1256684491978612	11.467360110282128	-18.003271212087217	13.795218601402796	-13.97170851154756	-21.70811065834787	8.800412579973573	-20.388885301318844
2.1336898395721926	20.49859436968525	-20.72095823021399	25.84849375622798	-12.565132393538782	-9.452495046944582	12.856499728449744	-13.984963083113843
2.1417112299465244	27.965311275931043	-22.08287954930938	35.92241270610295	-13.098941305488678	-1.1438752724595658	16.63624808313146	-6.630310797290366
2.1497326203208558	25.373239608894153	-22.183860660285053	37.74128652965535	-13.997886785983978	-0.868483867736199	18.194893366186765	-4.561161965044614
2.1577540106951876	13.452740603742901	-18.69385578192482	30.606411870134018	-12.29519419698449	-3.9800031022639035	14.845366887558344	-8.896130838379543
2.165775401069519	3.1516125219766744	-11.782397898598315	19.096406828802625	-8.167108540998383	-6.313681328930555	6.22457706350541	-12.869997086868889
2.1737967914438503	1.7465568426585005	-5.897183177147813	7.115656772472483	-4.363454687901271	-7.755197371866746	-4.051112592448464	-9.898936788579801
2.181818181818182	4.138290176150671	-4.977440190178779	-3.111036678026715	-0.8896262436797414	-7.340344776651737	-10.149379085889608	-0.7449140201699282
2.1898395721925135	2.4951430362776597	-7.940067002758042	-7.962625003353993	3.0416513738800783	-2.7473910637854844	-9.799692201652213	8.983249109989998
2.1978609625668453	-3.070128679391547	-10.035630771714844	-6.35364311993835	5.9346111180218095	4.456432097151508	-7.5286340768335664	14.36350736657589
2.2058823529411766	-8.585433627764806	-7.197579394683185	-4.052242984382981	8.420742263453896	10.141378749289643	-7.7160380736358904	14.220431574413974
2.2139037433155084	-12.99032277667468	0.814318352185706	-8.220361868773635	13.902290954466093	12.591870673752178	-8.13501588634402	11.705623039055855
2.22192513368984	-16.099137853905148	11.179415682981015	-19.710649168078078	21.59460138396526	11.31659820094524	-4.998050984169606	12.021696604878604
2.229946524064171	-16.35768270908443	21.081052951574765	-31.72669313423997	25.51546756720063	7.393281294442273	-0.5965803905403315	17.9121005444962
2.237967914438503	-13.829320873228154	27.42754982151911	-35.09125384782806	21.17037252602846	6.098126579767612	-1.5835956140803313	25.544051755302768
2.2459893048128343	-11.151933675972883	27.33532704572317	-26.375282486825345	9.854168961482397	10.44888215857765	-9.52865730697102	27.038170183414042
2.254010695187166	-10.209625434708007	23.00120775144421	-10.225413846751772	-1.638720611747612	14.587204219203416	-17.720913777174832	19.412093019943278
2.2620320855614975	-10.490970650091462	20.188644688577575	6.271395131051979	-5.4257293629860825	10.61150440168132	-19.22273481030741	7.489383096163331
2.2700534759358293	-10.189919805779422	20.95678204849052	17.597465720623628	-0.07648411690166976	-0.7159980728112922	-13.808818618109022	-2.6888828081901783
2.2780748663101607	-6.264208779790718	22.359689975290923	20.400402417542917	7.052851506305634	-10.950957844781987	-7.42951570557242	-8.889790371475165
2.286096256684492	3.3351884523673556	19.21317074570857	15.591545901065796	7.441601975100523	-14.33166787940586	-5.74241926612775	-11.368591068024001
2.294117647058824	14.012882959362434	8.259181180628222	8.57110375672517	-0.227299474769174	-12.036628530166436	-6.6399762296645415	-10.698838092266795
2.302139037433155	17.140344742137117	-7.089782231254308	5.456528903270153	-11.08931837058504	-7.654536235997588	-4.225094761427349	-8.348939426710938
2.310160427807487	11.392891336334412	-19.38474468483081	9.592497653867358	-19.728170977291278	-4.450666760036077	0.9616949497533072	-6.710286898216833
2.3181818181818183	5.310616258244667	-24.06742417431244	18.898534292477283	-22.53364350272679	-5.392713452622798	4.203792059623184	-6.208774217006222
2.32620320855615	6.282367836602227	-20.514833323326084	25.07314423059116	-18.99960564719352	-11.487198548598666	5.249735032623556	-5.443466636309455
2.3342245989304815	11.921188275687886	-10.84549528420322	21.348235804666047	-12.40017375540573	-20.474642902236774	7.3218706802969065	-5.732086213237388
2.342245989304813	15.618225966509964	-0.37503093833588647	12.420879695664809	-6.984456249396656	-27.878227209234886	10.663880044156018	-10.733910824903326
2.3502673796791447	15.400051262857215	5.773064112989525	8.864694557981585	-4.26543650413022	-29.411907464548243	12.594692587952796	-19.81458204466848
2.358288770053476	13.168446896749881	7.173086896113979	12.64985759025309	-3.0454922323060747	-23.912071075609838	12.070868743428797	-26.328213381777122
2.366310160427808	11.238100359280244	5.63811776688441	16.304638681452587	-3.378186777922871	-14.580184032121613	9.182582517428743	-24.47029523138236
2.374331550802139	12.036885961361822	0.953576918325648	13.748383927735679	-6.833662039894909	-6.000485507956773	3.977262237933916	-14.516490507609609
2.382352941176471	14.715123608644207	-7.003202197402523	5.985458057669894	-10.911028936814727	0.5381592463706857	-1.4007964491947251	-1.4901345315191916
2.3903743315508024	12.735642483976706	-14.776187961573143	-2.266352003224223	-9.083074930255647	7.26473240804751	-5.503214039136603	8.165962114254114
2.3983957219251337	1.3789553748857213	-16.497220099781234	-8.704435711727843	0.9997502736945127	15.266338609710754	-10.522838320774738	10.81004772236694
2.4064171122994655	-14.674153327268533	-8.116977399171917	-14.488229223641643	14.13243018441802	21.42033510155131	-16.9843100656873	8.667687484142558
2.414438502673797	-25.391540877761635	8.228911993866467	-19.78576194000601	22.84847637639487	21.340787386752755	-20.35092331318375	7.088010826144351
2.4224598930481287	-25.060017994106474	23.57961998541879	-22.01665005284571	23.266996770134295	15.336190736251178	-17.245169316497503	9.2361423854495
2.43048128342246	-17.20299752136855	28.73992335111431	-19.66734407914821	17.941207845506277	8.19028547746087	-11.814836988333115	13.916625039110667
2.438502673796792	-11.3064961867372	23.08025471435221	-14.779052782987174	13.144995711722489	2.6241513816268536	-11.234201259568188	18.383703271306185
2.4465240641711232	-13.228311986523812	14.646142403111334	-10.053804290523775	11.409065450447649	-0.8964804957571639	-14.698228549451846	22.06754039429277
2.4545454545454546	-18.4524754996265	12.207769499810466	-7.2739097667224	10.929507868516232	0.4621517456491408	-13.230137265156962	24.882847881858833
2.4625668449197864	-19.620086329526092	16.951422134344586	-7.954553609542978	11.060338727168723	8.537660419969965	-2.9049248345490333	25.681309497738642
2.4705882352941178	-18.02248010146232	19.218448971729636	-11.15770663168325	11.542998324368302	18.613541097388467	9.321083461059574	23.53429270282255
2.4786096256684496	-17.910609317657475	8.014865055167153	-14.02945364248809	9.804912131960103	23.056980484465377	14.860937334351341	16.49414084538092
2.486631016042781	-15.389297819181705	-13.99275607669681	-15.470357045174158	3.125888940181697	18.653672556687514	12.481588745510821	3.5512060517421817
2.4946524064171127	-4.056676808774346	-31.253045614139236	-15.603660772931836	-8.622761203468285	8.471292058402364	7.784736729986073	-10.418041757890009
2.502673796791444	13.757046484776664	-32.25672394753377	-13.374989290093836	-21.333215446679787	-2.2969293356362415	6.4340715251492595	-17.15251452814543
2.5106951871657754	27.547476395549563	-20.129320474899604	-6.583457993953041	-27.948186405342824	-10.582724641406061	9.747590732128739	-14.015996405870784
2.5187165775401072	29.252853365200334	-5.696206271587453	5.139397259976399	-24.60988717426521	-15.530676717539086	16.5454918491666	-8.526666443847336
2.5267379679144386	21.91173574267324	3.028510844428254	17.61813391390033	-14.981944852634042	-17.509159639518643	24.38186947391178	-10.730930662733488
2.5347593582887704	15.201449801883566	3.213236077259729	24.667924315042818	-7.071047949629259	-17.56998368620969	28.6932300364139	-21.504461043494977
2.5427807486631018	13.893097387808853	-3.334774186248968	23.10755459984093	-6.243357422444502	-16.15639699749461	25.875969758524473	-31.213652966791617
2.5508021390374336	15.056235256937537	-11.23592378096059	14.884788810683622	-11.292688474979109	-13.374321113999065	18.13537506010697	-30.49369603022932
2.558823529411765	15.262978907398715	-16.215133747532256	5.5498860026111325	-16.485780251171704	-10.354698418767839	11.82407630939264	-20.941778576089707
2.5668449197860967	14.888705664988716	-18.08192052341705	0.6903059736482814	-15.643565724070175	-8.360710858751558	10.027863070625985	-11.872878593976754
2.574866310160428	14.689610104598867	-16.310470078242577	1.6114709646128562	-6.1360964592198695	-6.504799252535893	9.647513552440317	-8.613014358984909
2.5828877005347595	12.993815282170248	-7.2828694486383245	3.617070864942522	6.773534621142469	-1.5776292997210588	6.433744610636341	-8.869973439697976
2.5909090909090913	7.220130390535076	8.501822365777574	0.8771859272162822	12.85953987612342	7.783533795667921	0.14562690515315824	-7.259666410560425
2.5989304812834226	-3.2552391823430264	21.656063291268115	-7.524863431102061	7.9097423183566296	17.31446052429666	-7.019571881788428	0.19733580895511094
2.6069518716577544	-15.683682087779053	22.302559174197473	-17.61378918217053	-1.0955140855364258	21.2127046610013	-13.827793926344608	12.703511304726975
2.614973262032086	-25.506098338667677	11.602922842621366	-24.195419564619776	-3.2130156310774782	19.472870048615437	-19.115037080698308	24.15682034951986
2.6229946524064176	-29.367075989251504	1.8648057996558314	-23.806070432342455	5.125071501271499	16.928908569004626	-21.48824107257331	27.944485730899594
2.631016042780749	-26.760744792078555	3.1139185251995793	-16.978867718098066	17.44074426984419	15.755344474096256	-21.01036633290618	22.552638274720618
2.6390374331550803	-19.547364041996957	12.409761781267806	-8.749935241107654	25.2221530469411	14.17805633744479	-18.340686175369406	12.659741254492989
2.647058823529412	-11.038813689278397	20.024816772238925	-4.656878526552426	24.612257100142244	12.034656052375812	-13.542762980430787	6.181643830060753
2.6550802139037435	-4.718918104327442	20.4576328209231	-5.730077534406802	15.877416296971306	11.637655516104449	-6.77912148368473	8.075907354439865
2.6631016042780753	-2.5239708530517335	13.89824562097405	-8.957816352434833	2.7076381575675454	13.121239772565826	0.9777492218535504	14.198264638407858
2.6711229946524067	-4.32796091163564	4.5710227651960125	-11.208395753151196	-7.453881196365641	13.732213648174355	7.684222911934977	15.064340475440007
2.6791443850267385	-7.650731963304501	-0.5656311437953261	-10.819224404087247	-7.916328308240363	11.234387838072559	11.494137177396441	6.898198686674559
2.68716577540107	-8.633765198752775	0.7794224415852056	-8.129543847053906	0.8921295553791083	5.496749251566168	12.614779675194137	-5.4361058105297095
2.695187165775401	-5.696404767789978	1.8635938313628446	-4.691975601407443	11.391996116804037	-1.74411169293189	12.392164491548188	-13.538732483110566
2.703208556149733	-0.17198011380476852	-3.7398447850355585	-0.13953104621696713	15.154930008085373	-8.348004207177713	11.514354010977549	-11.461787491008504
2.7112299465240643	6.552475438882265	-13.216319866905131	6.742430155546921	8.555940038467329	-13.547329527913062	10.052427968639709	-2.688491381336834
2.719251336898396	13.029917766262468	-19.359031998227376	14.507827597336968	-4.887631279102406	-17.2163599798875	8.516130478175251	2.365368850430218
2.7272727272727275	17.090975190885995	-19.97916268499231	20.62979860954774	-16.616757098173984	-19.094337129842998	7.583530834906244	0.7482312057749685
2.7352941176470593	17.65215215404652	-19.252552914400365	23.94261865786347	-20.837549992745146	-19.232843496107005	6.813360901976377	-0.7094315402211411
2.7433155080213907	15.700246046046711	-20.22925972785426	23.945105192384993	-19.066438884460936	-16.943534335363445	5.961340215920887	1.2610635178183596
2.751336898395722	13.562498350996593	-19.548223253414047	20.78883693408931	-15.58591226452995	-12.163448499504886	5.85534859662157	1.8522635573864807
2.759358288770054	12.53928635553265	-13.666405656108363	16.461139517025302	-11.53539870414436	-8.30400808053185	5.94431629970835	-3.3999523852657605
2.767379679144385	12.062328162950754	-5.87565493837678	13.96453381490304	-4.723059986535402	-8.066946754444578	4.568957240362445	-12.240529192403038
2.775401069518717	12.293844205219246	-1.4922850414874724	12.999751666826494	4.8154546235359685	-8.867463630711454	2.0072823592400177	-17.674270980387114
2.7834224598930484	12.38982638988705	-0.4735719970208234	8.130148226939005	11.194660160112115	-7.451038309678152	-0.4125831145776319	-14.9226938275332
2.79144385026738	8.279671972889732	0.8961834566953728	-3.199814012856238	8.565711810042872	-4.799289734223498	-3.3613890131997057	-5.6905998859355185
2.7994652406417115	-1.4677530331209485	4.549584444560143	-14.62143872326217	0.13304355249899272	-3.4704073088344534	-9.063582277167148	4.877715321306886
2.807486631016043	-12.281917671207262	9.591969276124203	-19.4741649517177	-3.843604016473509	-4.252964904333828	-17.250270008743467	12.937370037228579
2.8155080213903747	-17.993048384164013	13.305165016257607	-18.63184524811239	1.731813379452262	-5.869440079722873	-23.05205111105762	15.990387921437753
2.823529411764706	-15.467398077730426	12.323171790770948	-15.253292441401857	12.028523785143358	-5.254775338520465	-22.190748255539866	13.305450963498505
2.831550802139038	-7.005802312315978	6.988528983049873	-10.248936360711037	19.44652039905655	-0.1649828024847831	-16.964380137424392	8.937203094810304
2.8395721925133692	0.42439023697998945	3.3113126399294877	-4.748306568813727	20.179792786398423	7.887867481581276	-13.725011980934788	8.477309993540008
2.847593582887701	0.47991609051993467	6.3964243609768285	-1.1233908910257455	15.584632884862284	15.023872963855972	-15.891635066393725	12.596795741491581
2.8556149732620324	-6.595814533893592	14.478029394453698	-1.9417776640959732	10.215271357956953	18.04690705128351	-21.45181749061191	17.741441111849642
2.8636363636363638	-14.865936755654591	20.888407199295546	-7.752694389283081	7.356251984934072	15.851254213327076	-25.456876149410856	19.78690139213473
2.8716577540106956	-19.30928981770009	19.266554747766815	-14.162232659483578	6.614069561761813	9.592005036239422	-23.31985798580667	15.642000597723882
2.879679144385027	-17.88543244734463	9.034136811345508	-14.946921274038534	6.220607087352217	2.066592413767425	-14.342151255305934	6.082133481206301
2.8877005347593587	-10.184402410785493	-3.3081383920192047	-8.374773504967928	4.845441567846487	-3.4463896021619207	-2.710735792046703	-3.707899968610877
2.89572192513369	0.20574443501624562	-10.742112458949414	2.210130238667003	0.5360005551450989	-4.5879605077246985	6.653352838116089	-10.512462098302471
2.903743315508022	6.661290680651772	-12.132365244876386	12.035050954786346	-8.180983147098173	-1.4113583895280881	12.197427092245238	-16.101988838273
2.9117647058823533	6.7602967689972	-11.733907591390345	18.269397650556176	-18.646609938044016	3.1373737690649572	16.230096156663304	-21.109957086830427
2.9197860962566846	4.777582635573476	-13.98765558728002	19.959686108322167	-24.23056794617895	4.84978646568724	22.207765786328547	-22.341452672505252
2.9278074866310164	5.514415269083568	-18.817239807041542	17.34523824335286	-20.609019669861297	0.4786555943770662	30.19917218443658	-18.128684627103713
2.935828877005348	7.427262046346351	-22.597256654559953	13.885219632463286	-11.184261321266218	-10.34241783290196	35.16828570424748	-12.725674818126532
2.9438502673796796	5.710284768598572	-23.10020265799553	13.533069203897076	-4.384459501936242	-22.76482198093462	31.519712071034423	-13.579999325583263
2.951871657754011	1.3706131771156962	-21.15602592000077	16.211325324442207	-6.1901321762149735	-28.289753155227608	20.024979244255103	-22.35275400687748
2.9598930481283428	0.1791246162634874	-17.695674251107913	19.535871386341178	-15.224995322815253	-22.54572488351984	7.837258450564266	-30.88875340175698
2.967914438502674	3.3561016662089926	-13.20491441914264	20.890498305268373	-22.797278847344874	-10.637211354327482	0.13382560252011236	-29.711476065322177
2.9759358288770055	6.101878026093018	-10.22422731057203	19.250793698935283	-18.993682206618644	-1.6819385664923046	-5.165918415428428	-18.85651326015083
2.9839572192513373	5.355255914899941	-9.628598703234342	17.590881369150253	-3.103073491387575	1.3455232550584542	-12.074829742625083	-7.482024205333352
2.9919786096256686	3.4041684943912225	-6.069943505824513	18.449430128181	13.999992939208635	2.465509671616801	-18.715163112360973	-2.0526544237989404
3.0	2.013774573610724	5.369173860115096	18.120589606263643	21.887538541210297	5.519832635965164	-18.826507513030318	-0.06901644642598997
