Date: 	2025-07-01-
Time: 	1106-29

Picoscope code: 	1111111000000000000000000000000000000000

Max potential (current channel) [V]: 	20
Max stack potential [V]: 	20
Max cell potential [V]: 	20

Cell numbers: 	1,2,3,4,5,6,7,8,9,10
Area [cm2]: 	195
Temperature [degC]: 	50
Pressure [bar]: 	0
DC current [A]: 	1
AC current [in pct of DC current]: 	0.4
Shunt: 	200mA/200mV

Run without potentiostat [Y/N]: 	N
Frequencies selected: 	[10000.0, 5000.0, 2000.0, 1000.0, 500.0, 200.0, 100.0, 50.0, 20.0, 10.0, 5.0, 2.0, 1.0]

Time	Current (as voltage)	Voltage1	Voltage2	Voltage3	Current (as voltage)	Voltage5	Voltage6
s	mV	mV	mV	mV	mV	mV	mV

0.0	-0.21007902322671626	0.17258325624493534	-0.33283913704383766	-0.052361131490307015	0.05958231465597833	0.3010840596079742	0.09680615423823054
0.008021390374331552	-1.5331696394709138	0.7160562600252506	-2.5091406293542	-0.3341263874520132	0.1875908960209999	1.5360444457336433	0.4364536390386622
0.016042780748663103	-5.132734595266619	0.7486564716303515	-8.065091956475332	-1.1655727177715343	0.07063972115257824	2.943801269085867	0.6420065953598693
0.024064171122994655	-10.745121756443256	-1.0442436841530305	-14.90442324589562	-2.5819670099766037	0.2056305697451431	1.7995002968967981	0.026104616239966696
0.03208556149732621	-15.91394928902791	-3.0087769356353458	-18.254704562629584	-3.0908096511276364	3.1409237875558906	-2.895089036391604	-0.8626419661516925
0.04010695187165776	-17.332836813296726	-1.0905873399348764	-16.856542608578792	-0.016324820729198386	9.848754942128574	-8.203680440384241	-0.2098993364622319
0.04812834224598931	-13.693567249163257	5.335945441217712	-13.9911872166721	6.764413475510188	15.937794111263134	-10.721479956445444	2.976663175638032
0.05614973262032086	-7.698790657964641	11.861976789354417	-11.795045924604342	13.409031372990913	17.20409065489577	-10.332871656229834	7.409343326184388
0.06417112299465241	-3.9736674166523023	14.263104786909746	-8.104543175493038	16.296516402193838	15.738335490095077	-9.588062368401703	10.176529048382541
0.07219251336898397	-4.016074455162005	12.573322389539245	-0.3459426118566463	14.555977396861472	14.832872493330706	-10.783218496398314	9.938121737448968
0.08021390374331552	-4.164325884036711	8.590657888094519	9.55792410909028	8.688695589761876	12.654645340080222	-13.563334213243856	9.013810393911875
0.08823529411764706	-0.4576446133401586	1.6665500136606481	16.6331114882331	0.4664901695233974	5.22064087979758	-14.074728840414629	9.378299635968304
0.09625668449197862	6.039070597322117	-8.78816577565785	18.644420213745438	-6.571500295429002	-6.895076315910698	-8.160074451803053	8.575855243533546
0.10427807486631017	11.544283784935391	-19.112869626027074	18.723351929476568	-9.52841220451603	-17.263059949024395	3.893600116275201	2.96444071745508
0.11229946524064172	14.965698686917076	-24.515777510418786	20.801805412412914	-9.347292001558403	-19.997485637275183	17.207045408421635	-7.832180094130326
0.12032085561497327	18.459945257828682	-23.22394455154125	23.79736927670621	-9.839011385655555	-16.479426668449275	25.616929659052538	-20.673317119192863
0.12834224598930483	23.772161445386445	-17.31217227758778	24.052617191316518	-13.515584225816008	-14.565746977421867	24.96555327507442	-30.225615272839793
0.13636363636363638	30.168609930841157	-12.11627476886339	21.390627346245697	-19.226652513472857	-20.310422667314413	16.09629443887585	-31.753938212595774
0.14438502673796794	35.14577087135708	-10.685348735006905	18.045919290228692	-23.33669212202878	-30.987112178375266	5.417149951556715	-25.149305551946004
0.1524064171122995	35.29273330529198	-9.547548482142847	14.931315690292578	-23.075747207856665	-38.57594542246696	0.4430673791896755	-15.38204739718795
0.16042780748663105	28.60224250760722	-3.952947631133789	12.674029169301331	-18.799506140988612	-37.217189837071686	4.331044029910768	-7.980479762385995
0.16844919786096257	16.81871798144697	5.118136154652135	11.527541099624818	-12.717348324402103	-26.625861467123453	14.634798068037544	-4.5374629745231925
0.17647058823529413	3.936786066745871	11.911065118688123	9.194553736354418	-6.140533898271856	-13.585803286968963	24.780907028870253	-2.2040504798679805
0.18449197860962568	-6.693510370261028	13.797316605953089	4.094952359364717	0.43335188453808987	-6.49145641016583	26.6966214553105	1.3727126548282966
0.19251336898395724	-13.470878323485064	13.937029527394872	-1.1957277304700968	5.848315149533442	-3.732128578629176	16.098718613037	4.144564036460158
0.2005347593582888	-15.910624038122332	14.399284735911992	-4.2811503544418015	9.784917144493036	4.693618656491537	-2.574664669178838	5.277771315038805
0.20855614973262035	-13.790503398228392	12.713225620804154	-6.341870808717443	13.645692353941946	20.886207900377094	-18.88260347699993	8.439692847616797
0.2165775401069519	-8.282938736179627	7.749791332471257	-8.313930181766729	17.9672895414242	34.554924092939096	-26.129732034322576	14.47289106977739
0.22459893048128343	-3.3613926572260815	3.600454581532753	-9.834946509262902	21.390867998785502	36.4288638751156	-25.756316477592954	19.88156171891391
0.232620320855615	-2.909292260499824	4.038349478009118	-11.95311687440493	22.41359525929588	27.944899030684855	-22.085021874626495	23.61678340469576
0.24064171122994654	-6.064236862279688	7.397014020074288	-15.547635248775562	20.719808163356113	18.494808068097306	-18.3350687347605	26.1446833688287
0.2486631016042781	-9.336938663088505	9.61614303760904	-19.938197694603648	17.097015385123917	15.957512847024242	-16.034909132693407	24.890968128902177
0.25668449197860965	-11.90360007444799	9.23165892047044	-24.330598088597768	12.961655985297032	19.180038375446394	-12.717898149192173	18.096811935428445
0.2647058823529412	-13.87664823726009	8.360291904873167	-27.136059543625695	10.019262081233059	20.95935842370723	-4.834130641531973	8.214039445380248
0.27272727272727276	-13.90767845344296	9.092981578835545	-25.530395648003353	8.434370416408413	16.58578698112529	4.29376833907435	-1.5430709440902566
0.2807486631016043	-11.647378419995942	10.54700652992577	-18.965927330252104	6.198919623952343	8.27244942523219	7.450739664411244	-8.509290994038235
0.2887700534759359	-7.64271824800355	11.002562393985091	-10.926173179425641	2.2950591847459956	1.938628986337747	4.698018391627492	-9.953372789833754
0.2967914438502674	-2.3783551959101916	9.28433616950455	-4.845042863723668	-1.9573817764137695	-1.2571737999864236	3.0970656230166282	-6.703974307711928
0.304812834224599	2.1311407365927164	3.3440718980914705	-1.4719052231108112	-5.326934489280151	-5.739898819774596	5.970712878017221	-4.314774899186073
0.3128342245989305	3.876057907692247	-7.706597533279392	0.24106419681274704	-8.701085078908791	-12.171657772403629	8.816336745724993	-6.637077270096242
0.3208556149732621	4.206181384597401	-19.756107276137982	2.4153318435891045	-14.099490610014856	-15.345195477965902	6.795120951521624	-11.340686803311112
0.3288770053475936	6.023827448821085	-26.783301584607493	5.9907613543059295	-21.252312994664187	-12.730972499140165	1.7729167477015146	-14.234986685769618
0.33689839572192515	8.951797590749301	-27.921677185811227	9.898195001016488	-25.85458951492425	-8.603595318105812	-0.42434264421668894	-15.545365866555347
0.34491978609625673	9.364108592713247	-26.742360053572064	13.318004571649466	-22.802944518639094	-8.770464560208232	4.004341858664426	-18.63616502983363
0.35294117647058826	5.76656292279442	-24.956267670873295	15.828577429036377	-13.394814254326487	-13.474893806986906	13.985330631325287	-24.112800317362467
0.36096256684491984	1.6249257291679668	-20.942118565345027	15.714541289615882	-6.7794896157883935	-17.002847891199536	22.823231085776296	-27.82912937086373
0.36898395721925137	0.5469222933870224	-12.773732766370456	10.651017545261345	-8.42619225119985	-14.766541004859278	22.108262640902986	-23.93538487535098
0.37700534759358295	0.40542558327450673	-0.916852697560144	2.3398640438818585	-11.219218204147204	-7.987209436648788	11.150697203067098	-11.046080715395512
0.3850267379679145	-4.2370605159062	10.791761861704396	-2.6713651383309305	-5.2336119133727275	-0.26680972163436506	0.44499507932150734	5.84083335531596
0.393048128342246	-13.793810344338448	17.514153599271815	-1.508248882904871	7.6025451321265605	6.994816173047331	-0.4948777186483822	21.15981264671377
0.4010695187165776	-22.28700109201177	17.61436951948228	1.5803137126089108	16.35153309281887	13.733795235020905	4.542953894861981	32.036944841250644
0.4090909090909091	-26.057622792107953	13.987653921487503	1.9898372020731347	16.52635542743632	18.395895010858325	4.843160940874323	36.15735833487419
0.4171122994652407	-26.838799607058437	11.192624258504539	-2.709327686233925	14.435606587252956	19.11753515513367	-3.499204322621501	32.09255463638776
0.4251336898395722	-25.51132462455187	10.828738102745811	-13.075778752238453	16.396052015674677	17.240631757932768	-14.95245673344365	23.66125367258446
0.4331550802139038	-20.97663119132861	11.376038086673088	-23.884926154731406	20.54811491080377	15.925328153882072	-21.58251233567329	19.3402587386166
0.44117647058823534	-14.768392348522843	12.515561422956432	-26.306093613920186	21.072686622123772	14.880979628327717	-20.219240358605767	21.78957979883138
0.44919786096256686	-10.374693576938522	14.371761600187485	-18.098949268071355	16.8735687308288	11.505171731256164	-13.757858729965427	22.979235413660383
0.45721925133689845	-7.672086653040803	14.126480831385836	-6.649643489028325	11.728170221137212	6.569633995912762	-7.348718218001966	15.697615286120772
0.46524064171123	-3.2999909537283023	9.19976643377804	-0.6228843272272651	8.166733863148306	3.1866289803249206	-5.1523537184066255	3.626513470586979
0.47326203208556156	3.1497646057679174	1.065678892626552	-1.6857728257861313	7.206435262566653	1.7664884283179294	-7.9018071521368265	-4.774452826126577
0.4812834224598931	8.71004371403852	-6.040091093546354	-4.691931311044976	10.182676559616088	-0.2888139211755175	-10.371066396753184	-6.949021951891719
0.48930481283422467	12.689681262071302	-7.775352338232824	-3.959123044433639	15.391500199872375	-5.0185805805903305	-5.698785608631746	-6.8168956769641795
0.4973262032085562	17.94633276449653	-3.794330938017643	1.399681025837747	17.0222090863493	-11.240710226650894	5.026009811555492	-8.608492276696941
0.5053475935828877	24.835243064088278	0.324058802540605	7.456879919904517	10.384430236022892	-15.40375665204992	13.712451690475488	-14.16127844996426
0.5133689839572193	27.423888028946333	-0.861898631934045	10.632541081776113	-3.926866560159085	-14.990632658201093	15.887855609301049	-22.139156056953684
0.5213903743315509	20.067103354523272	-7.384207018518469	12.023130131781398	-20.28313883130247	-10.850193856523651	13.509555028800806	-27.448565206282954
0.5294117647058824	5.934823507220945	-14.998013334460206	14.074550649406785	-30.49535819788688	-6.595800544056843	10.098174194639675	-25.942763848910193
0.5374331550802139	-5.170709996567388	-17.798567898341446	14.940060912524569	-29.39985611961444	-6.536322137998333	8.219608306567133	-19.140325020024864
0.5454545454545455	-6.449458402840846	-13.63812944106197	11.472648997085463	-20.48950878602932	-12.421961701042385	9.75137351617573	-12.333670694283644
0.5534759358288771	0.8173244129524349	-8.047471054498168	6.627907646495386	-12.535115471739594	-19.701824083260355	15.846432291825836	-9.29768629983106
0.5614973262032086	10.593013326006238	-8.058034686646188	7.207161947180939	-9.418339444515858	-20.21399604680564	23.939458221923125	-8.370417953548923
0.5695187165775402	17.497333847303647	-13.785777576457441	13.70837656173134	-7.052702427875649	-11.25503418725656	25.691383160905684	-4.578928803288619
0.5775401069518717	18.71254382181823	-19.1507144834587	18.405793340030154	-1.046439116466181	1.8466556332174555	13.935799673329571	3.3137341418044777
0.5855614973262032	14.684391679875663	-18.63767547265641	14.488345244786256	6.1140643190688255	12.533102115708232	-7.79279025260769	10.207767761129634
0.5935828877005348	8.024190129947621	-11.83035161000508	2.9166398485329115	8.364542862862404	17.722476661230914	-27.666811020285486	10.453614316380918
0.6016042780748664	-0.48142284016069975	-2.342272474098469	-10.079646472374137	5.3040530587800285	17.118896869677876	-36.02709453664274	4.851070928780482
0.609625668449198	-10.855929677160695	6.599395912508563	-18.096306711894822	2.270643986915105	12.38227095889817	-31.21901624336794	0.7522922881173888
0.6176470588235294	-20.24352712332386	13.377625317355578	-17.128202738585916	1.1771801873941738	7.1119615882332745	-19.462577232235212	4.031245318065565
0.625668449197861	-24.933380030717576	16.684007049380167	-8.915393922236488	-1.290117233693091	6.039754334739708	-9.881998482732818	12.480034816414442
0.6336898395721926	-22.64417417764231	17.033510155300746	-0.9172536426260952	-6.305063827619407	10.590846490127108	-7.648634341798899	19.246211582720655
0.6417112299465242	-12.922334618185706	16.547107233957046	1.9990043536505275	-9.897466005719991	15.014113220391154	-11.540207434490966	19.217374625396936
0.6497326203208557	0.18383330014512886	16.084437627162796	1.2917155165094678	-8.821643593871402	12.786042825921394	-16.144198584709898	12.327569852333271
0.6577540106951872	8.536318377421804	15.696028956169965	-1.4156117517826454	-5.321270168091947	5.1755639030067275	-16.138031527458033	4.388296372400028
0.6657754010695188	6.761491767850781	15.374386018220465	-5.302232052311639	-2.1525268063081784	-1.9405731143382514	-10.447720882844187	1.3360488591541047
0.6737967914438503	-1.9986197328049713	13.349658775203828	-6.309411298105548	2.073501589226697	-5.677562956101816	-2.464201436106827	1.7611539752318335
0.6818181818181819	-8.983546406817968	6.5600160007280275	-0.9997955825955495	7.571604457924134	-7.460311018560329	2.969824458796695	-0.24219180719220962
0.6898395721925135	-9.28804182709912	-4.745218279265024	7.2514580087709195	9.724375962748974	-10.985657182342862	2.282620724155543	-6.435312355687559
0.697860962566845	-4.800566251883441	-14.25789779684826	10.592844210956855	3.8050776162388535	-18.729796133868433	-3.7643519611990994	-12.927935240282377
0.7058823529411765	2.026265092971523	-15.283782961450191	5.689903115152452	-9.792017536525927	-27.266934925572777	-9.233534615458385	-15.756842996448928
0.7139037433155081	9.565374778454393	-8.363668558217942	-0.7594688864176523	-24.51502967963451	-29.115402468215905	-8.13076081404702	-15.054727859149356
0.7219251336898397	15.110498912551668	-0.26470561419471095	1.168563794282961	-32.12161550313211	-21.986044992704137	-0.435749480910604	-14.102338829627127
0.7299465240641712	18.276603683311716	2.012937824235232	12.488785568385603	-29.372574922451633	-11.81584627635464	7.798253718254762	-15.597775249968496
0.7379679144385027	20.45611974058635	-4.142649324410306	23.510971391890852	-20.76130561584375	-4.549622955616384	11.414742360253713	-18.288798541495854
0.7459893048128343	20.32953165350904	-13.7998787676706	23.68156184252444	-14.76481054486196	-0.8056074757186594	11.39864978549602	-18.233214326809883
0.7540106951871659	16.443292426063326	-17.341930169259847	11.936505874178684	-14.844402169072318	-0.320187606039248	10.691751094729357	-15.61436952928271
0.7620320855614974	11.054145295927572	-10.56071489793117	-2.046387571489939	-15.342125018601045	-4.2814042614865615	9.93410214320037	-15.828144280221327
0.770053475935829	7.535432125729355	-0.43005018037865084	-7.592959655718406	-9.504414217069062	-10.816885190795555	8.414955551925786	-19.935916654935628
0.7780748663101605	5.907773630171557	3.2491683971829555	-3.472307677224167	1.9648465351680224	-13.583098186289872	5.679200340631426	-20.610846111158327
0.786096256684492	2.9177341544488518	0.8713349771848277	3.0019574914899287	12.658619140525118	-7.163896672842858	3.9734818408841734	-11.974773868919986
0.7941176470588236	-3.142274557896186	1.2887979715849016	4.827458251065808	17.415151132909394	6.935594033149627	6.640146819597121	1.981323966438705
0.8021390374331552	-10.018215999518826	8.240193188992482	0.860427773714292	16.144488671509386	19.61833924828798	11.801157655557613	13.070162425424167
0.8101604278074868	-13.886069416657843	16.7190563655905	-6.240517694285338	12.77649996755887	21.764890138428008	12.402905852757257	18.899542767897948
0.8181818181818182	-12.170286235832858	21.554304915052665	-14.341500807374658	11.703106416368492	14.002007832642926	4.594305025027984	21.87187222607707
0.8262032085561498	-6.126412302037555	21.790907267525398	-21.457553264760993	13.721449967753777	6.332044840648582	-6.852797093130579	22.292896342419148
0.8342245989304814	-1.5598849859465862	17.647433020715837	-24.402671218037046	15.892593171329086	7.414668969428691	-14.759560128269174	19.544842664553805
0.8422459893048129	-3.0580209320352103	10.548796090877556	-21.693052394491847	16.865246024690556	15.04979020483622	-17.491315162410096	16.47774190373132
0.8502673796791445	-8.174119348485323	5.318459847593936	-15.444326675811357	18.220252200769544	17.970154685990842	-15.987225660659071	16.005122639879044
0.858288770053476	-11.523953281079937	5.203587755542256	-8.953465589693256	19.488015755479886	9.828481131610923	-10.237373851907764	16.850838640219113
0.8663101604278076	-10.921999291527198	6.706728299025731	-4.47470560447513	18.12922475914195	-1.9425191156333028	-3.2182347743152926	16.744469422932465
0.8743315508021391	-7.108103851931131	4.929165255152948	-2.963823330931316	13.740979874096992	-7.438512808586481	-0.06550744549130344	15.620393063696271
0.8823529411764707	-2.187996354362727	0.14045406943882224	-3.5842898462738386	6.821314570488419	-7.506503393832524	-1.1425078729692055	14.519265653218419
0.8903743315508023	1.8010273496323286	-4.55740304456699	-3.138021654293917	-2.406892199931911	-7.885506179475071	-1.5197191189442296	13.89187511104323
0.8983957219251337	4.689464550104474	-8.13298837229054	1.673444260243336	-10.95336948696934	-8.964295740462179	2.0417102819954325	12.164684028310809
0.9064171122994653	7.75470246271425	-12.470761008886413	9.553546667084191	-13.938412184388095	-8.189694912108818	7.0864721065766085	7.090450143244421
0.9144385026737969	11.46602335105388	-19.065001771254998	14.824760206221402	-9.403479170572881	-4.672859681151927	10.016636500098738	-0.8807159849085087
0.9224598930481285	13.680702632123843	-23.81381497566341	14.141463735356615	-1.6145270314840365	1.1341144697282886	11.081647111284674	-8.45070879934578
0.93048128342246	12.009190932940502	-19.50368292508159	10.344400979815273	1.8384838365131477	6.282002378194394	12.415542935273992	-12.116748256652077
0.9385026737967915	7.966824469570004	-7.561097555947279	8.535159430423901	-1.5358908277403591	5.740499327928955	14.543732875338783	-10.917891204303618
0.9465240641711231	5.075259902119133	0.3646270338057759	10.760183414188056	-6.8191494711241765	-1.9373403546416181	16.05919960485381	-7.113927885013009
0.9545454545454547	3.5283284046683954	-3.21726067752136	15.902092217267692	-8.393324862451623	-11.15613683972295	15.110546099107502	-4.254144326680713
0.9625668449197862	0.48712682935212537	-13.33430081266666	20.549714342367235	-6.029535874952111	-12.972874277733693	11.852436950954784	-4.781190120554697
0.9705882352941178	-4.074503973716257	-19.671594595121775	19.72698289810703	-3.5549324141672676	-3.2699648914584714	8.892991181673722	-7.825715547383716
0.9786096256684493	-5.410957672107096	-15.725699056566487	12.584190547502592	-2.635505908046917	11.775009428780482	7.516507529569174	-9.054438656565551
0.9866310160427808	-0.06893658305728614	-2.6905202073254473	4.532112430803675	-1.6267735227603284	20.813448088024117	6.073184609759104	-5.161988569626448
0.9946524064171124	8.306237390956662	11.218216243333526	-0.6704528006335233	0.27515717705178044	19.30809934795561	3.610569568259371	1.7381869044370473
1.0026737967914439	11.828721399035626	16.69954829698959	-5.819319754366575	2.7396554006458853	12.96935073979462	0.5632783181059786	6.863490401491557
1.0106951871657754	6.610859804756234	10.519108679024557	-13.883963412879776	6.152448695322703	8.56476813868151	-3.8721205134072894	8.578255989398691
1.018716577540107	-4.199519580209755	-1.2333049162810181	-21.091335710870506	11.054155817427073	7.46530618740581	-10.229039168818357	9.281020060290327
1.0267379679144386	-14.515321052085296	-6.60322837041592	-21.07878995128093	17.26415440171207	8.438233679113466	-16.1993412378903	11.993609439343281
1.0347593582887702	-20.036212875839848	0.8918142672438552	-14.675918364468263	22.836837221005432	10.07493470149578	-18.809106450779016	16.006782585033807
1.0427807486631018	-20.187169590748756	15.637456722531548	-9.506658012955317	23.866750221561645	12.436885588283584	-17.59666315484852	17.500793834816786
1.0508021390374334	-17.0976744750017	27.109213193361704	-9.815564926765246	17.311111948213856	17.50393561934179	-14.098314699426682	15.444801659274766
1.0588235294117647	-13.757515312761333	27.562907908487304	-12.589315505730719	5.41387216367163	22.51752779113113	-10.396537869656585	11.499488123712341
1.0668449197860963	-12.449652084356776	15.297918248282231	-12.386112056427397	-3.648673023276362	19.185964352308254	-8.306524595540303	6.138197880857959
1.0748663101604279	-13.103079902358095	-2.3099035171829017	-6.6133468647681415	-4.065286175134077	6.902336572190814	-6.736712904908777	0.5175711957968301
1.0828877005347595	-13.463331768537236	-13.890664639230673	2.320982410415727	0.29440248653024614	-3.5064645204991365	-1.458420946008508	-2.4140375279573068
1.090909090909091	-11.005708241159535	-14.677756254109793	8.819557678602983	2.0982932456735592	-5.559174747730907	9.13275798156438	-3.4566421669815544
1.0989304812834226	-4.493799765753425	-8.368498245486922	8.134135561789012	-0.7762827915565298	-4.797029041326335	20.010883854959392	-9.101128371930049
1.1069518716577542	5.297681864066843	-0.8459092059083618	0.9906214026467061	-5.721557372836239	-6.916298076474039	23.47024009528311	-21.61858584163046
1.1149732620320856	15.80537697599027	3.046961040941411	-5.899584410559491	-8.854338641924574	-10.746171554730886	16.824192006315606	-32.29703987199813
1.1229946524064172	23.18798742474986	-0.5798870273335185	-6.424235700324006	-8.51882841755456	-14.133246417086752	5.670755617840292	-31.972425233353153
1.1310160427807487	23.058153492882152	-10.186648853684527	0.14015996954679888	-7.630650763009023	-17.155467245757574	-1.6540014847496642	-22.741513716394685
1.1390374331550803	14.418100754376656	-17.334800857267993	10.682237764512676	-9.811112725786176	-19.936800192262638	-2.06315717932019	-13.723774669911666
1.147058823529412	3.7381035033992203	-16.468963513998503	20.56066279183617	-14.48925402004585	-20.509206780524828	1.5337957483651803	-10.955914935248433
1.1550802139037435	-0.07041280916726156	-11.011978014638855	24.8600649116003	-17.91241453280559	-15.435778939073472	3.9233500808726474	-14.354940221513122
1.163101604278075	4.690004433812606	-7.172195523692076	20.732085114537586	-16.83352455377576	-5.138946865453164	0.8775530057731136	-19.45701826687929
1.1711229946524064	11.634928315302448	-7.519567586927082	10.712456245528093	-11.636901103180394	3.8401672868795966	-5.385369528117615	-20.96104645693395
1.179144385026738	13.610410468451771	-9.866833274525522	1.9697521727228189	-6.007848165227428	5.9663374890365795	-5.80537002871329	-16.349204693460926
1.1871657754010696	8.915053357784505	-9.367487241968966	-0.844977518864722	-2.4872803894509543	2.752900575226464	4.166459474808579	-6.6740167907797385
1.1951871657754012	2.331577145625004	-4.38850318568172	-0.6638424155449868	-1.1296979997378438	0.1864467126837254	16.59555222467569	3.899916158503
1.2032085561497328	0.26229638681234557	1.7260156240810391	-3.832674119546792	-0.011168533448290496	3.0494225287050813	19.30741547351223	10.521486818339588
1.2112299465240643	2.775403411017879	7.6875347922338655	-12.349486393966602	5.136853691983481	10.875603359721785	8.658195807216954	12.460009188790139
1.219251336898396	2.4242772395047436	16.107384418097592	-22.65339908935399	15.4398047516651	18.377053231313944	-8.808304709656788	13.28374578441293
1.2272727272727273	-6.168388529184345	25.995739784423417	-30.592647159258224	24.813218166815084	20.784255419384486	-23.75468315828164	15.81596197295744
1.2352941176470589	-19.69737423314901	31.065178548624896	-33.91355678137381	26.732264851231186	17.67743900598719	-30.44026726994654	19.148640214933433
1.2433155080213905	-31.36323544644208	27.067565729745468	-31.709075286980184	21.618104769769293	11.370859547002874	-28.275943278998472	19.530033656383484
1.251336898395722	-36.22484967980822	16.049106605951664	-25.517086731431903	15.421002223600063	4.867827746703719	-20.21156877509045	14.52112534611252
1.2593582887700536	-31.61211290990318	4.113005076364781	-19.667406154014007	12.801452016528291	1.1439831464819452	-9.797289626866215	6.75994768994059
1.2673796791443852	-19.814497085186478	-2.3745779300864496	-16.806306698437087	13.047124226260003	0.7693806937560979	0.9781793370402163	1.265277917357253
1.2754010695187168	-8.62712832719456	-1.7451323754703432	-13.60063031605433	12.023199930902386	1.9121311967876933	9.444345620758964	-0.44529764087457013
1.2834224598930484	-3.4400446755634593	0.322736390686868	-4.822503683364591	7.326221522353097	3.08781424032426	10.459318895618132	-1.6192492251798052
1.2914438502673797	-1.337281772766411	-2.9648369189310126	8.470333417086884	1.215779671469753	2.4046934014593546	2.7727101831561773	-5.123646289096763
1.2994652406417113	3.2101960676013754	-11.27130235199794	18.91497956057766	-3.717444952298788	-2.2885973209021504	-6.5103440364118415	-9.154795043947733
1.307486631016043	10.603554212219777	-17.816332019699168	21.902780585484155	-8.757382172827603	-9.677533332348458	-9.079430260033545	-10.655260954974928
1.3155080213903745	17.08998864954435	-17.13402313495036	20.45432323015653	-15.225048929686546	-15.931509579040139	-2.7785806158750157	-9.829747731978191
1.323529411764706	19.704672244854667	-11.893318299019406	18.942647224981965	-21.436184850899814	-19.490085560941353	8.430172073807055	-9.0408459417071
1.3315508021390376	18.525210887011045	-9.896691191834021	17.618630728401858	-24.767986160789718	-21.75566488964229	16.967333414613297	-9.618413923521828
1.3395721925133692	15.778139544117417	-12.857407091103878	15.763456250637088	-23.6723527387041	-24.009374756038497	16.635407429800622	-10.031638692791756
1.3475935828877006	13.017661373196507	-13.930461544817673	13.660776427087978	-18.738182788015443	-25.824135187513093	9.343394869123587	-7.7738406370764
1.3556149732620322	10.337896400809104	-8.191311737697752	10.819610962504532	-12.734417563596624	-25.6644151195853	3.666158444283673	-3.4883240082043194
1.3636363636363638	8.999803104038604	0.3594245571966409	8.02143460430276	-9.681140781025052	-22.20702407567677	4.301879810697057	-0.7634505000212035
1.3716577540106953	11.181606795912568	5.0172511028493005	8.313097331713406	-12.17117252631927	-15.8136188438717	7.8289111079669125	-1.9772833871778415
1.379679144385027	15.186531101195737	5.625113725575226	11.861422192517024	-17.065118757479475	-7.868106117836561	9.171224016073973	-5.66052860605896
1.3877005347593585	15.130217129615895	6.45736762469108	14.198716513178152	-16.942430876713047	0.24434894088746434	6.634897371417515	-7.025859534754304
1.39572192513369	7.1863563307116705	7.213846269146102	10.666741064185006	-8.640498183625134	6.492868295527051	0.4715953839901889	-1.8242306458211028
1.4037433155080214	-6.795353988410203	4.055578847193908	-0.041306734384061766	3.3362697440401456	9.041747026753198	-8.434467024121922	9.252606126916126
1.411764705882353	-20.513397887558956	-1.1857380893381007	-13.67677001735982	12.490179040718392	8.436480227045708	-16.035632235221954	21.006562834514693
1.4197860962566846	-26.395514186242576	-0.9435735567626363	-22.2491588295727	15.927199687918709	7.338253398470934	-16.5626354059931	27.477926072949
1.4278074866310162	-21.515470558101786	8.41715502349877	-22.401324909393356	14.490571002169572	7.317578824555783	-9.901630238347629	24.829319203180898
1.4358288770053478	-11.639188200864785	21.18374022164255	-17.240645123089063	10.023911754872096	7.851172196930374	-2.4150902377272496	14.193171459565484
1.4438502673796794	-6.187151159681306	27.58502295126965	-9.240797121317199	4.888131428449548	8.840324165210669	0.6024027893360266	2.449002646694702
1.451871657754011	-8.678297356790152	23.372994656505966	-0.2747592018591939	1.7550408708234402	11.048674531867423	-0.9926713771533839	-3.026761487557063
1.4598930481283423	-13.848368760752065	12.321488110819859	5.00924220553871	1.044001112771741	13.906763761868016	-4.459708400434395	-0.06421352063684038
1.467914438502674	-14.098305983846883	0.8124366497617229	3.8961025759596914	1.6250944512135073	14.10636680592404	-7.5123619510294235	9.032027252083783
1.4759358288770055	-7.538159637767639	-6.746301448561828	-0.28954686691603204	3.317427277445412	7.470574150215976	-9.160177439812909	19.15054657959436
1.483957219251337	1.5661444651721055	-9.22062256391998	-1.3931615004040168	5.178647315753143	-5.373090906253912	-8.683007818264699	22.498201902152694
1.4919786096256686	9.504116238646624	-8.337211488648292	3.346616949445667	4.920176836699743	-17.410755503907804	-6.056230128256787	14.289164125860122
1.5000000000000002	16.434328094741897	-6.362271213568149	10.559099283314943	2.586606255315986	-22.475483122861135	-1.9309329772585488	-1.6943429833365007
1.5080213903743318	22.34640797783462	-4.801931460787999	15.335241863177698	0.621142450990134	-21.372365670449923	3.2709616680065325	-16.89589083935001
1.5160427807486632	25.112787935472785	-4.99451423082819	16.612960008865006	-0.04166887483137454	-18.86763269332682	8.0404264997148	-23.86961259835872
1.5240641711229947	24.115240073704328	-6.75840021871302	16.45299743292384	-0.7873273899341289	-16.933818939680492	10.594224015363089	-19.109984765298115
1.5320855614973263	21.904744288596092	-6.957751500740456	16.182260835054716	-3.5798361902296882	-14.414181329184842	12.008051257661377	-6.34187003525
1.540106951871658	21.19904192496792	-3.2206755613042906	14.418968934381876	-9.453599595756101	-12.191201457013245	15.29741854042412	3.675101288989355
1.5481283422459895	21.37215618239738	0.8832742545561553	8.537111325699751	-16.95843704531854	-13.032584748715337	20.63910586137012	1.7314340150561771
1.556149732620321	19.120866636317235	-0.9788782816824068	-0.42959067665506734	-22.12114604207993	-15.76416901952111	22.781610363017734	-10.57204051213931
1.5641711229946527	12.571359930479577	-8.911113078901533	-5.179981634036695	-22.114000743233618	-14.679534650155858	17.308796267184306	-21.918850234425932
1.572192513368984	3.0361801033387885	-15.763215563979179	-0.8010208745282024	-18.19905837292677	-6.849512247298142	7.910567143075412	-21.4889317247359
1.5802139037433156	-6.863990235098782	-14.549416433492139	6.589192115004557	-12.469850799232724	3.6978147389446008	1.7455135193370819	-8.227929845004955
1.5882352941176472	-14.475666611971821	-4.542691669416512	8.208862010305776	-4.6234781957252755	11.037957374934289	1.11268675024522	8.225161377847893
1.5962566844919788	-17.427470801407797	7.785194231779088	3.653734759521056	4.977422128708418	13.752323015405581	1.908151343743467	16.609876462878603
1.6042780748663104	-16.084479947699183	14.36494279990894	-1.7537744834566775	12.920025078442382	15.088497832399264	-2.123754327816461	15.04271639767206
1.612299465240642	-13.731278336732554	14.123592709412794	-4.910418902466565	16.802443973679367	17.88201089421962	-12.089496456228284	10.411796942516371
1.6203208556149735	-11.531441744615801	13.648157529303292	-7.585669882032622	18.90163696459904	21.54392153818981	-22.415774453808005	8.742294869194682
1.6283422459893049	-8.625393602080862	17.01347580637517	-12.346276300033024	22.116602961881938	24.786269997704842	-27.814528336348623	11.245505946481558
1.6363636363636365	-7.983450371797059	20.15795717605094	-18.51096852949461	24.725394049326216	26.921073689640643	-27.846148256799797	16.004935399151048
1.644385026737968	-13.121791163379816	19.028346803375157	-22.268118158832	23.833170518682884	26.482888425590733	-25.12967987973598	19.610478611115003
1.6524064171122996	-19.99596468405632	15.0982647266043	-19.114986420537907	20.55315877691952	23.104417272536544	-21.716987414848198	20.340086656139892
1.6604278074866312	-20.74443797445458	10.524861327747328	-9.212238256453118	17.073941326314312	17.727004422274767	-17.357739666940468	19.255074136470064
1.6684491978609628	-13.378525216023103	5.7699246687842285	0.1551321377633988	12.52798739794408	10.484866218376732	-11.743080136146382	16.459269454724232
1.6764705882352944	-3.343954231439843	0.9480633260493233	2.3809555185193894	5.257586597173968	2.4660891856500413	-6.896508825933483	9.863440136014326
1.6844919786096257	2.4987429931275575	-4.188387266913107	-0.0962785007579471	-3.6684758159111164	-3.8102497640307895	-5.026881286509231	-0.7203925133683773
1.6925133689839573	2.3156322647763816	-9.273389085168574	0.12708174785065784	-11.788993528474935	-7.224246545580112	-5.3227155704501135	-12.330037295644102
1.700534759358289	0.5187906560966453	-13.06757247247765	5.53928937225858	-17.512291049082272	-8.374432433543758	-4.864727487198786	-21.331642998920287
1.7085561497326205	2.198060416206348	-15.351027001168566	12.185552544488017	-18.792774723388284	-8.08968853782089	-1.1073826621498124	-23.708508506270043
1.716577540106952	6.501006492876012	-16.560179401845808	16.305575860378557	-14.500735685105465	-7.0018119590141605	6.7382349422546	-18.054858276038747
1.7245989304812837	8.05428372771026	-16.318448018860792	18.57483452602992	-8.832395555357074	-5.6470998851993315	15.733938567108076	-10.213099308872703
1.7326203208556152	5.723043969312392	-14.219262073122264	20.908039369810144	-7.462282250600439	-4.602727155809152	20.993075577725648	-7.65023548514667
1.7406417112299466	4.75337462762143	-10.246138917210272	22.483022786776008	-10.170092242089277	-4.66976322176815	21.76597835216249	-10.650893296657134
1.7486631016042782	7.704182458502278	-4.75904043299468	21.463464739633	-12.354843821102799	-6.8478170712977775	21.32341877777516	-14.538485874636276
1.7566844919786098	10.053639345924367	0.21920981210426704	17.901068685327875	-10.141370728317035	-11.931268451595033	20.98497967906973	-15.713846243869359
1.7647058823529413	7.699345811327814	1.6043880913718638	13.06353739074918	-2.4669533896633586	-19.07520164386497	19.035102632613743	-13.000662229030869
1.772727272727273	2.214423990142951	-0.72976153792458	7.057396971732398	7.505521846380845	-24.26906052612253	14.646044229551144	-7.933122326820655
1.7807486631016045	-3.1482150853723865	-2.507338650415583	-1.5840950878800337	12.929380482925964	-22.132011717417043	9.133168881288618	-3.151425570077492
1.788770053475936	-7.836418507785415	-0.8274405046919538	-12.610200770818789	10.373510544848024	-11.100902892359889	3.7816009116962794	1.3123448612407924
1.7967914438502675	-12.687770188846477	1.348766913926879	-21.89093742507904	5.666854668343064	3.916008500904333	-0.563413310343887	6.947987960538671
1.804812834224599	-16.033496923403927	0.03189822907481543	-25.08446363894156	6.714846610810658	15.33411882218836	-3.3666487269116363	12.491394432656463
1.8128342245989306	-13.972001127316371	-3.548777402162822	-23.16485882436143	13.243615927078856	19.7783624664035	-5.9689624717631355	14.568814650639727
1.8208556149732622	-6.256320631595419	-3.627485390585369	-22.171227398690334	18.603799491423903	20.788758825125704	-9.478977375270471	11.613118021561469
1.8288770053475938	0.7052060509010214	3.3266345125926597	-25.810264345746237	18.68563151008515	23.518598840029146	-11.558331341122773	5.433470204815087
1.8368983957219254	-0.1552398951829067	13.607534362001259	-30.54750427359176	14.51845094513797	28.62339913218286	-9.227878869026974	-0.42415789512363117
1.844919786096257	-8.962535155730956	20.846259121971677	-29.951743334212356	8.25949962422428	32.35496451433331	-3.124880825014537	-3.76803097548875
1.8529411764705885	-18.770980405083044	21.134052612545986	-21.576613813958264	2.879477561279134	30.11471737910636	2.1229226793829588	-4.1868348580214825
1.86096256684492	-21.512992543622783	12.577189100815476	-8.93215175592923	2.8132495393100347	21.054091319459324	1.6193865487574908	-1.7874860785992968
1.8689839572192515	-13.97055091345502	-1.8328318589011912	2.274858149529157	8.895335213150801	9.887164191189465	-4.550893049134731	2.621602976750554
1.877005347593583	-0.2632496462579284	-12.658347958240801	8.985276931640552	15.860981955207109	2.917295773154091	-10.739715403547354	7.558734789545893
1.8850267379679146	11.156976249527789	-12.267050741571039	10.734518165024488	16.305974954620694	3.4648437111757477	-10.972519721747537	9.022387797158816
1.8930481283422462	14.843998799576152	-3.460065760598012	8.919410126922505	6.314415980687309	9.211565061097623	-3.7407661670353045	1.8063618761392282
1.9010695187165778	12.845611946263265	2.872731859978152	8.01812803296191	-10.268473439099425	13.043283804258742	7.326688444582564	-10.543669363852167
1.9090909090909094	11.231503314142703	-1.8157947669069814	10.886119219174173	-24.549000095032632	9.137557876289849	15.949570943566854	-16.291372714186142
1.9171122994652408	13.509349852569846	-15.643570648092957	14.348425195363255	-30.480152987729994	-2.678259189821249	18.04932344622992	-11.944897253720914
1.9251336898395723	18.75714802830473	-27.817307534517546	14.894935952243156	-28.50578116804857	-18.06648569897289	15.011267148773435	-6.272011141705793
1.933155080213904	23.790565267205128	-28.895313760000676	12.883126071388707	-23.752276851283114	-30.524906709105196	10.897828467147654	-6.407150632532147
1.9411764705882355	25.465000917997983	-19.683352162011623	10.056069312459101	-20.37566799041181	-34.35100371893674	7.459512422905489	-10.97912693807344
1.949197860962567	22.650850018133003	-9.902572001674933	8.346850701148934	-16.838204133367697	-29.502470492504127	3.9607213241979844	-16.556832365246013
1.9572192513368987	16.451780806528063	-7.622966536357288	7.525683607944398	-10.901103674282114	-22.921398871607238	1.5696682137539828	-21.351019813310604
1.9652406417112303	9.359431398275778	-10.696590337694323	3.6067937258996317	-5.500565473158594	-21.10217864698106	3.848014797970662	-21.421192244692897
1.9732620320855616	4.04186716815173	-11.065813289934992	-5.246589324910515	-2.7928851310330005	-21.771282099840498	10.550592463452361	-11.800831288002719
1.9812834224598932	1.170008906742958	-5.055524666910627	-14.462446859793022	0.5204673374781423	-17.10089000053908	15.172278295371022	5.451853248350911
1.9893048128342248	-0.08880854017464768	4.044938373023279	-18.408517105725732	5.716677230990501	-4.891866527569908	11.618427655544345	20.886123874105845
1.9973262032085564	-0.5735807644925073	11.681370535339294	-17.052780847354427	7.961703990253324	8.598707030133651	0.7195546727976343	27.988667760419904
2.0053475935828877	-1.8003995054297113	17.032579306521075	-15.181085990018222	4.478348353421965	16.813130293764836	-11.145980266684061	28.8230567994019
2.0133689839572195	-4.393056463780422	21.78464273838213	-15.783920844243102	-0.3041531613371502	17.326270777306377	-18.157742394191708	28.035023248498128
2.021390374331551	-6.941314195213837	26.34136328328698	-16.10731066283937	-1.1044409987670152	10.536071278695525	-19.16981379625141	26.59297538527061
2.0294117647058827	-9.233172848578613	27.918923893462278	-12.819085777528597	2.227387575696415	1.3995621993248974	-16.411336372010275	23.458931774252296
2.037433155080214	-12.785748057145517	23.211608753368548	-8.635482776147501	6.889315391590984	-2.5182648569921042	-11.881162313529593	19.024429647655147
2.045454545454546	-17.518770196839842	14.591317580914644	-8.010824159503787	10.85615317885998	1.2764594629680417	-7.416400686691136	14.661507862950204
2.053475935828877	-21.466058416734445	8.46527887549877	-9.204817415328801	12.44350526902344	9.1419480780859	-5.790505877804528	11.54070710747108
2.0614973262032086	-23.394215881967188	5.821446951071857	-7.051521779669859	9.842589503289055	16.52641217231133	-7.325466665532617	9.377014421303617
2.0695187165775404	-22.999926371116548	2.1328735145716435	-0.48281427297406243	3.672443318667903	21.506055409720524	-8.40471844987649	5.222950707068657
2.0775401069518717	-19.552240943603852	-3.9794080248831407	6.868944388313598	-2.30737002928809	23.15006090126097	-6.907645079340493	-2.1907711173370568
2.0855614973262036	-12.881627247079532	-9.66153068215251	11.07227432214122	-4.8673476815716095	18.417004417370116	-4.670047030351589	-8.96867628054599
2.093582887700535	-4.135070720061232	-13.071911790013122	11.541360446226765	-4.663971832410449	6.150873270357039	-2.2924827383355337	-12.185222368495776
2.1016042780748667	5.005151130676812	-13.9410609337314	10.67539834605842	-4.121975344025475	-8.502518485109647	2.187158000632805	-14.043950450981097
2.109625668449198	12.266974455642078	-12.55970947355807	10.77537053985481	-3.8256809105915357	-18.305244665148095	8.272692457881103	-17.06437454876583
2.1176470588235294	15.685832302050645	-10.313545602747395	13.285002125050324	-4.2385522071593345	-19.18206658620816	13.285206044932737	-20.810234027626098
2.1256684491978612	15.94493591538645	-7.769734779535546	18.205636596574305	-7.518668033355888	-12.72294396554004	15.89092375011407	-23.62657787399613
2.1336898395721926	15.576175865417913	-4.878957873030836	21.87168012074149	-14.602788834164187	-6.363855154578161	14.922698151233336	-24.649055985236753
2.1417112299465244	15.379117899556631	-4.437328992235629	19.73279265992348	-23.28369845822511	-7.454894153908995	9.841156534939076	-24.45659863228524
2.1497326203208558	14.955236094789766	-9.972310711132799	12.623380374206823	-28.382646088233365	-16.195748608430385	3.5699992022775	-23.45812332511365
2.1577540106951876	15.06845722103282	-19.604976888959328	6.064986960510392	-23.339012751503084	-25.76304435293042	0.023897237861679688	-20.18067582067619
2.165775401069519	15.30591453137055	-26.371363041793074	3.484417446882132	-7.518976036991632	-29.00798474819217	0.3557421676354222	-12.88380302992065
2.1737967914438503	12.96245065156872	-23.777599632789023	4.264474580962444	8.873309884597163	-24.824088800591994	3.0090315671430448	-2.9151261397114023
2.181818181818182	7.079107186580713	-9.616043318198235	6.752523999722644	14.658372762720083	-17.442900335191013	4.674383483638148	3.9960465657295874
2.1898395721925135	-0.017762958356980107	10.021869226335568	8.027356675623832	9.484089272041087	-10.726881205861886	2.1080009469940277	3.3832594591570704
2.1978609625668453	-6.513371587958168	21.428079545589995	3.9854939186985696	1.4195342538931142	-5.309714272080505	-4.894938775081635	-0.6326179414745883
2.2058823529411766	-12.562250235121526	16.375872491911338	-5.38117538480757	-0.7052944236832417	-0.32773488541120355	-12.809212852963169	0.3378942948468801
2.2139037433155084	-17.44151879149482	2.3944982843878093	-14.631446333636468	7.526989046684855	3.989483062554271	-16.50928445926486	8.60735700828816
2.22192513368984	-19.892376097830482	-5.1465009218133675	-18.89646845082429	22.19394908992703	6.321714519806916	-13.374586660753884	18.969413971721508
2.229946524064171	-21.005746495082665	1.713255719617043	-18.43411911180921	33.3859070429178	6.538901843531171	-7.071424077412353	24.42636252113625
2.237967914438503	-22.964358419599893	17.220691365967472	-17.06869254822381	33.30053891975785	6.51526632763696	-4.440228145306501	21.0758572040972
2.2459893048128343	-25.318814157170753	28.95031973355313	-16.887124723562508	21.921570259958422	9.101847960573751	-8.49751213931607	11.492637998700902
2.254010695187166	-24.65675863889314	30.301703488970173	-16.840106150023317	6.105981315003532	16.097504625287932	-16.12108862948313	4.906642875566636
2.2620320855614975	-18.437942669387358	25.15574299332786	-16.814844025319644	-6.009320777480112	24.851992422897908	-20.183773876727862	8.668442249427727
2.2700534759358293	-8.292401229994052	20.965572840213667	-17.379764432378696	-9.335412815453562	28.548924917364722	-16.075016503619302	17.95717990500836
2.2780748663101607	1.9349909989907956	18.717940056303703	-16.49619782953107	-3.573707731075138	22.876124156144975	-7.177268608827611	20.919309002593472
2.286096256684492	10.24608442202999	12.52273300951123	-11.826715194373708	4.982157043295216	11.658942447871244	0.14045558118488194	13.506836879586071
2.294117647058824	15.463617221294024	-0.24087395232018471	-3.8426518724581875	6.913052793856708	4.0210058845052234	4.2200699568593905	1.4282768408240367
2.302139037433155	15.193787275442194	-14.048106887723353	5.389841177316157	-0.7954526229703385	4.687375273456359	7.033974102947147	-9.225169473690368
2.310160427807487	9.926004600647875	-22.080459705716898	13.29573984629389	-12.279316933384388	8.720149407039782	9.407676532875586	-16.441996018893153
2.3181818181818183	4.9887902997313605	-22.7810159767578	16.687746875535904	-20.312665046999797	7.560245310657164	11.114254100562691	-19.597368946837825
2.32620320855615	4.737568583546367	-18.575951807371794	15.423606848145724	-22.745956324601835	-2.4264614519373	12.879083317170194	-18.17131961263794
2.3342245989304815	9.169562961592657	-12.1572951696034	15.914543925604383	-21.730750497312187	-17.601080769110215	15.443504721593582	-14.778080720838421
2.342245989304813	15.896163577663092	-6.0478184230738	23.68469413720246	-18.8498890971195	-30.135055439757167	18.212875666939162	-13.156646665556767
2.3502673796791447	21.378127128182047	-3.312025262434658	34.11898746040183	-14.30621625862285	-32.95990873643245	18.47281804576253	-11.924784800355134
2.358288770053476	22.060875837375892	-4.937947592324734	37.83100333910877	-10.102741219070724	-24.003747306902227	12.689338118626297	-7.138363553219211
2.366310160427808	17.088049824642827	-7.9316209002765765	31.0149056252008	-7.707472519154314	-8.6019549580069	2.399948559007883	0.6854463364627041
2.374331550802139	9.613027243052773	-8.14660654552103	16.8378938996469	-4.269377021606048	4.0334683767287505	-4.880149971909767	6.753244501303689
2.382352941176471	4.17069468132753	-3.484094066380934	1.3871821726247295	2.5566969162618784	8.936538795897352	-5.132854818787835	6.347657434402821
2.3903743315508024	2.039936058025351	4.236877083564431	-9.062579557869215	10.347625347613924	7.335635133177568	-2.4893881930075024	-0.9519550053138981
2.3983957219251337	0.7111210241209445	10.8406841152205	-10.315997964193988	15.938163180857515	2.769424632355822	-2.1236258190206536	-7.798075985747548
2.4064171122994655	-1.5830561304425699	15.048653213653527	-5.2729968219544325	19.133409455085463	-0.7711803386090638	-5.258837789059913	-4.157098728425069
2.414438502673797	-3.7625412362989077	19.790469276086444	-2.4995124057990417	21.599849708445227	-0.5916740590721831	-9.983709219068631	10.069452450454861
2.4224598930481287	-4.6036694455122396	27.795607702417666	-5.32889124255504	23.566395543015425	3.2654756342893565	-12.330943416508227	22.816625684190104
2.43048128342246	-4.87160149176504	36.1935635656174	-9.679022397248945	22.999416050038327	10.280645702987707	-11.034684502042667	22.965524942438073
2.438502673796792	-6.112793452745586	37.30149383691275	-12.265669603389707	18.38469580726779	19.33092346472172	-10.64733347202723	12.385409338935638
2.4465240641711232	-8.928364734477098	27.712944913179168	-12.167191977950873	10.708161069337784	25.18204133018604	-14.590338581393624	2.409176072927732
2.4545454545454546	-12.720119075391462	13.097830607725168	-8.377249249721215	3.751533289476952	22.292939713612316	-18.851212809051468	-0.2257878224717336
2.4625668449197864	-14.769803557701696	1.6609672626288883	-3.3962066059073717	1.6387847206850568	13.241591100585802	-16.373309491261708	1.4790636683486287
2.4705882352941178	-11.911943919460347	-3.6790392278937447	-3.258242308558133	4.463115442642329	6.269992550778577	-5.015398211699229	3.5183162062861153
2.4786096256684496	-5.804378179048508	-5.961144116538931	-8.834195902628956	8.14480320164305	4.9167430492249835	9.70149278797988	6.412772722126663
2.486631016042781	-1.3405626455577597	-9.79970923795623	-12.89904502326161	8.82047951802577	4.782596777315593	18.856822374050708	8.92759041728858
2.4946524064171127	0.5792004209840449	-16.695441982752378	-8.790529302652768	5.9735418326624545	-0.32002109870845	17.73477549088569	4.972684264427453
2.502673796791444	2.9336985435225014	-23.28640197186469	1.5388817685204577	1.1254790061022097	-9.402100644858724	8.613308867489444	-6.734365236009648
2.5106951871657754	6.795688011696293	-25.036938993166146	11.256377287711103	-3.8771504824162877	-14.29282335035981	-1.9528379231995945	-17.613026384004645
2.5187165775401072	10.471545397471854	-22.053228689678463	17.23091890327483	-6.529734127588221	-11.905413812410089	-6.053262715148279	-19.75879794157355
2.5267379679144386	12.463978331717133	-18.78516059727275	19.216466858170133	-5.151388519714913	-8.946316601806387	0.33037565723355405	-14.711340367574014
2.5347593582887704	12.94229121321561	-18.366538528773198	16.586289265247135	-0.706464352361464	-10.042975204333441	12.501660568646336	-9.151437530835228
2.5427807486631018	14.08304482639454	-20.532907612050806	12.302705297921412	3.312762300337073	-10.875270722311727	21.76460998592428	-7.201925290358151
2.5508021390374336	17.25661040964187	-23.500694408662092	12.166180148858265	1.66775708402698	-7.749792853329124	23.799616693032235	-7.906692362616997
2.558823529411765	19.065004782571723	-25.278309946832216	15.749483151221707	-8.00665972310341	-3.969160447176712	20.094665238709723	-9.01732942743026
2.5668449197860967	14.830463597267466	-24.392361323097134	15.491029104371014	-20.38226471864944	-2.4733364377386966	15.11428388981628	-10.923501658552784
2.574866310160428	5.6763409112497625	-20.011036167426596	7.880067986742883	-26.57416889698984	-1.3808833633446653	12.309914234984895	-13.315522686051173
2.5828877005347595	-3.826735743082297	-12.46964662426265	-1.5793486850882952	-21.3990208763076	0.7893108675960939	10.207826989641108	-12.56339843946289
2.5909090909090913	-12.745193889864888	-3.859803741977514	-7.234469714191	-5.602412564874917	2.0358679053124975	5.319296792170198	-6.068408397508797
2.5989304812834226	-21.50737207245655	3.7642619644238464	-9.3707046811717	13.437820928826223	0.4158496054609112	-1.9326681828964716	5.672866024993086
2.6069518716577544	-27.085571966391033	9.504794035392182	-9.126760378100174	23.954608145054905	-2.868315227691608	-8.795119529621727	19.853031454461146
2.614973262032086	-26.03118922296373	12.845191687840082	-5.956775856535989	19.628995039523762	-4.547422532172892	-15.010586273221216	30.516735074363996
2.6229946524064176	-18.697601770240542	14.77033926447113	-2.9015646646712874	7.432122049192281	-1.5611355610760516	-22.3971780503628	32.64593367613462
2.631016042780749	-9.72381415209576	18.073651358162618	-5.094574347364361	-0.15083100995008986	6.1443409065775025	-30.234417382555485	28.39534550833377
2.6390374331550803	-5.107233164336324	24.014114975433873	-11.693661133941937	0.816155386687563	13.875749007797443	-33.26809145705098	23.439326867200997
2.647058823529412	-6.526353555165074	30.684430463355252	-17.22948165955768	5.56560061446334	16.31859692421079	-26.83111144867521	19.544262941177898
2.6550802139037435	-10.3779861220979	34.41993989821781	-18.7002757140579	8.366173742245554	13.302185429511965	-13.684850794620893	15.080391710125944
2.6631016042780753	-12.722455780342305	30.556747700550012	-16.459669861804105	6.335029144873974	7.789266317705923	-2.6672206318601264	9.451490863268724
2.6711229946524067	-11.71601703702371	16.308167357999817	-11.906327635592934	2.700760239511612	1.164256904614037	-0.10985926992930295	3.7918745728440335
2.6791443850267385	-7.717574094729653	-2.989128912467241	-6.975833313383337	3.3199543666956925	-4.360432117475748	-4.422276850396675	-0.9916624533409677
2.68716577540107	-3.200728634084688	-15.207994407126233	-3.8235527966432166	7.479615263100313	-4.153673795558058	-7.434383549100374	-4.541495463354357
2.695187165775401	-0.03500598836456996	-14.04647048201758	-3.2391245051013	9.936609489982022	1.9179067758710815	-1.34050897431453	-6.91173505059081
2.703208556149733	2.3160106836533494	-5.763970469281678	-2.9411324074042984	8.06900746052176	6.309605363575788	12.380157923392407	-8.51374049697533
2.7112299465240643	4.583867052427278	-0.6559082098597516	0.25895999359754807	1.2312526668957497	2.9212824383526783	23.502809683134487	-9.03176590954467
2.719251336898396	5.94237274501734	-3.3313976704591752	5.217773241341041	-9.370428676504744	-4.787448997448227	24.396384895104582	-8.179551088002007
2.7272727272727275	6.124607771665411	-11.68147228673304	7.934368469521582	-18.945668302653424	-9.059797490238255	17.425329181917135	-6.943812560218998
2.7352941176470593	7.415742708724442	-20.021262271572702	8.27104072439075	-23.65020632348029	-7.860778773149207	10.98624623636693	-6.7573152238802585
2.7433155080213907	11.76028950550948	-23.734121330376936	8.718744736957474	-24.719716763291764	-6.738852462051087	9.9406772875899	-9.122964288683113
2.751336898395722	17.114314991589847	-22.50812225462171	9.14932733989073	-24.585011942468213	-12.384046327871026	11.490008133190218	-15.24970019627777
2.759358288770054	19.249109174780134	-18.345523890462445	8.43623523613084	-23.38344373331276	-24.506954724076685	12.133340855782984	-23.760061814124573
2.767379679144385	16.886733612110053	-12.594832726885498	6.898557452022748	-20.92387706952035	-34.46247868074482	12.699805597131366	-29.34700964373781
2.775401069518717	13.452457730867833	-6.322786271008936	4.379778116644108	-16.897908206781175	-33.43471269822627	13.551389151402647	-26.154564207719137
2.7834224598930484	12.694091848831963	-1.4415021952417661	-0.35563058600508957	-10.288601925299325	-20.525108993337284	12.827930028884175	-14.028409966872022
2.79144385026738	13.279982504762296	0.5206604985401192	-7.184607244595249	-2.754608896232484	-2.269027264016014	9.507635156867217	0.2685015306756715
2.7994652406417115	9.727431185646589	-0.2518217975966751	-13.091224179873764	1.597123958847372	13.513490424101214	3.007327010185503	9.87984289449595
2.807486631016043	0.08985881457293199	-2.543810043923224	-14.648096645304213	2.472705643050296	21.6726453704834	-7.1934747950587345	13.104265268388058
2.8155080213903747	-9.27652842803463	-3.9378628798487285	-12.834455935827297	3.7900817212153557	20.483923081478828	-19.321061204423412	12.175276549027616
2.823529411764706	-11.257583960848434	-0.8694178422381964	-12.266047970139699	6.856949525470363	13.024026675141537	-28.706056225818394	11.378533030561648
2.831550802139038	-7.953977985964182	8.291530574601454	-14.527735629509099	8.849351169329417	6.453883246687756	-30.42172527612816	13.595084935925222
2.8395721925133692	-6.211750403080889	20.637411988938315	-16.85295367416329	8.155734463760474	6.6716528625514755	-24.117415986172364	16.487669832493616
2.847593582887701	-7.683731344203889	29.76019621461364	-16.584012884671854	6.20509809133143	12.265249493261999	-15.807304734552007	15.663292683285682
2.8556149732620324	-9.604068218734763	30.44363010441822	-13.450023069678227	4.271700280234286	15.686841431231295	-11.828123417832304	10.629114973058607
2.8636363636363638	-9.384618409349319	23.0113108659302	-9.137870017594162	2.385928442233145	12.485934624883365	-12.332332659968145	5.334638876591434
2.8716577540106956	-5.72957644261066	11.77549386295624	-4.885704771384981	0.07504356432448217	5.897710798207905	-12.855003143592642	2.9032338993246753
2.879679144385027	0.04452825423687898	1.099786135114154	0.177790470879989	-3.062455771323353	1.2935845978076124	-10.193738938862602	1.8372408635255586
2.8877005347593587	3.8242117814768277	-5.490111003863099	5.971978270951882	-5.72801822273266	-0.08806957598248127	-4.73001462121188	-0.7621792410816128
2.89572192513369	2.8727058584268486	-6.073342592026251	8.740479222600865	-6.392569612349402	-0.5174457154774632	2.088781006002523	-5.718198631046937
2.903743315508022	0.5072790026225877	-2.0050676321448635	4.198978675343215	-6.550939948521701	-2.353104286545486	9.65178872058176	-11.769906194967902
2.9117647058823533	2.811410074540121	3.151557475977629	-6.422379837103664	-8.771396748339017	-7.2471531520521975	16.93379617352528	-15.556002871483777
2.9197860962566846	9.028406430536913	5.809347327751719	-14.026775995200845	-12.736990793659373	-14.610195442313184	21.36627030856979	-13.825424121895587
2.9278074866310164	11.287879883380025	3.367015810914052	-9.536520664212649	-14.712239755105402	-20.28417049814398	20.60437902879461	-8.15280771110015
2.935828877005348	6.697368225398441	-4.198415068153019	4.496694892999454	-11.619569046653881	-20.38482408131857	16.634677634955523	-5.8197672208286
2.9438502673796796	2.5710046478784436	-14.55814229397242	16.3239410202181	-6.036112089262816	-15.624202387104418	15.876846746148148	-11.939905050978364
2.951871657754011	5.795120912151085	-25.058072233572126	18.829479918204616	-3.159883977252391	-9.793611121339543	21.30439656534712	-20.709963849787666
2.9598930481283428	13.508564905175923	-31.4708058748448	14.335222286681184	-2.729824454604368	-5.553543425099216	27.334941647542763	-21.237647355537394
2.967914438502674	17.98884745658761	-28.201132449817294	7.783919790301942	0.23335576081378745	-4.004927098468219	25.952733943365736	-11.650895861012192
2.9759358288770055	15.757627207349788	-14.324499543574346	2.8832082740167007	6.406092381065806	-5.74041400548778	15.155346856167684	-0.2864874367861352
2.9839572192513373	8.794985430747753	2.978009972027651	3.0324315243332673	10.09876237336209	-8.759371442225179	0.7396898416524842	5.5781841274355575
2.9919786096256686	0.016597845307313647	14.086516678290115	8.289398924849987	7.019299965843238	-7.397473321145737	-9.02644569630792	5.713280281335795
3.0	-8.030231069712958	15.765373529770928	12.704869896139638	0.45436605194479807	2.1891230878059247	-11.081870128023098	2.9124993824570957
