Date: 	2025-07-01-
Time: 	1106-37

Picoscope code: 	1111111000000000000000000000000000000000

Max potential (current channel) [V]: 	20
Max stack potential [V]: 	20
Max cell potential [V]: 	20

Cell numbers: 	1,2,3,4,5,6,7,8,9,10
Area [cm2]: 	195
Temperature [degC]: 	50
Pressure [bar]: 	0
DC current [A]: 	1
AC current [in pct of DC current]: 	0.4
Shunt: 	200mA/200mV

Run without potentiostat [Y/N]: 	N
Frequencies selected: 	[10000.0, 5000.0, 2000.0, 1000.0, 500.0, 200.0, 100.0, 50.0, 20.0, 10.0, 5.0, 2.0, 1.0]

Time	Current (as voltage)	Voltage1	Voltage2	Voltage3	Current (as voltage)	Voltage5	Voltage6
s	mV	mV	mV	mV	mV	mV	mV

0.0	-0.6998353768861155	-0.16436500594758	0.20160395260753688	-0.2181462027465857	-0.33001411350407744	0.1659512491115706	0.5855503336881736
0.020134228187919462	-3.88793757045691	-1.0488445168714506	1.0938581113800954	-1.3920326124652989	-1.5280374074962544	0.28850567228912494	2.977377934289238
0.040268456375838924	-9.509384074412953	-2.6689464773562186	2.902254742036582	-3.860906385774538	-2.2522554316205374	-1.8328066594060912	6.410247784538457
0.060402684563758385	-13.529593301549319	-2.8051107396333257	4.608109698631683	-5.434215598858565	0.6266897749726114	-8.422614719584017	8.10208136986776
0.08053691275167785	-12.265068161607987	1.213755472056006	3.5231448570911117	-2.706164543400207	7.250076967283613	-16.07007738247016	8.005517439202993
0.10067114093959731	-7.042729416151106	7.791470735876482	-1.6370305303668924	3.5746366394465072	14.119987812476953	-17.255377251460725	8.05486039428343
0.12080536912751677	-2.782712653157022	12.194645180183366	-7.885531845365261	8.556543084191336	18.727577672840585	-10.21382265700847	7.797419230329117
0.14093959731543623	-2.6348203762263918	12.940112977528862	-12.801471372279503	9.500034945923353	19.93749057181766	-3.0183347450075644	6.609224762911097
0.1610738255033557	-4.11762723999686	12.107661720505378	-17.98250857026052	8.516400921566387	16.06901272724505	-5.239206669534651	5.222254339131471
0.18120805369127516	-3.381689588033245	10.730106530784802	-23.009494226626742	9.595954330727647	7.357909880960481	-16.40972518792091	2.961128135586513
0.20134228187919462	-1.4829654582437684	8.729187768580596	-22.777759665518133	13.46750032387871	-1.6168162741266041	-24.69170661542654	-0.8500137941788068
0.22147651006711408	-0.24840260330218739	7.043484995268521	-14.512796339961696	16.55542536428634	-6.523419389283589	-18.249144079576308	-4.34915011229726
0.24161073825503354	2.265797722644707	5.683935849843628	-1.4936999712928887	14.93845713803378	-8.949304518159359	2.382909851919895	-5.361927610851033
0.261744966442953	7.05650563282527	2.092286880739526	12.048803470657392	6.670215629807312	-12.553923661608023	24.43536432944718	-4.8526558224623955
0.28187919463087246	12.578632063766626	-4.930257047253223	23.888631041251696	-6.805542945079114	-16.71887598222535	36.23007144507128	-6.723600586377845
0.30201342281879195	18.14095215193769	-11.850953497371265	31.592300732949152	-19.0491926889275	-19.589946501849553	37.353358430298705	-12.602096611793268
0.3221476510067114	22.716675929548522	-13.715981862103567	32.75627912794405	-23.088034755143926	-22.369935938824312	33.53659682946389	-17.764475093487945
0.3422818791946308	23.533872843145275	-9.87626295890671	27.177248563558464	-19.880959009966332	-25.30286032680152	28.09153220382524	-16.913208697927306
0.3624161073825503	20.301604988389045	-5.53507553835901	16.611479845131726	-17.675780131842988	-24.96382693485309	22.722800604346485	-12.911779647118742
0.3825503355704698	16.998379619213004	-6.982373127868479	3.790462739133233	-20.614351268465388	-19.69748879906082	20.170878880116035	-12.85027882824479
0.40268456375838924	16.199466040550128	-15.59689321103234	-7.030436944893617	-23.759487794731232	-13.161185537829255	20.475689245903894	-17.483600971155163
0.42281879194630867	15.166072434615812	-27.437040631532646	-10.624132493003833	-21.146272245351657	-8.939336879849781	19.73741691809889	-21.225761660563485
0.44295302013422816	9.379182234588363	-36.319693381329174	-4.468741026113368	-13.281787755581295	-5.186730052559788	16.706510104196894	-19.93319893748116
0.46308724832214765	-0.9973531709466652	-36.68354976917632	8.028407635367008	-6.184704465908273	0.8439448225964874	12.931861851972645	-14.253056529084667
0.4832214765100671	-8.522114294454571	-26.67932114842906	18.96022756145614	-4.012595685828608	6.549070574002138	5.790074905715262	-6.650734081064922
0.5033557046979865	-6.200148976476671	-10.133747886649864	20.571516261414253	-2.4786774302822456	7.81202165682339	-7.699454467801884	1.2196450713256133
0.523489932885906	1.8212292258845366	5.212855481847043	9.687048117206382	5.219329937400121	5.413339100786757	-22.19823242016278	7.300752565243408
0.5436241610738255	4.449403249322053	13.31675344407147	-8.183049383352895	16.654369817485346	3.708918629701442	-28.305761978634322	10.146385321959276
0.5637583892617449	-2.082834734149621	14.34233273910234	-20.624116675574275	22.79102729722918	6.1432322827620975	-23.00672172443384	12.345055464213926
0.5838926174496644	-11.364950374973443	12.713074998166995	-19.821265625194442	20.35951098348075	12.630312067760352	-12.645699616016563	17.567481842991644
0.6040268456375839	-16.460581169289146	12.182659845282531	-10.653124230611846	14.442549094847127	19.550760620743286	-7.638691933880448	24.31554025688455
0.6241610738255033	-16.93075489136824	14.60807046658397	-5.075351448110893	11.277390896288622	24.14275092146288	-12.69255668613069	27.693781467060738
0.6442953020134228	-16.314749628142387	19.725839126783704	-9.85373096877687	12.94679090621393	27.04268386084662	-22.27250425032194	26.73864141233874
0.6644295302013422	-16.81738706579537	24.078374840116414	-20.67960746009883	16.495874591829423	27.929404024351474	-27.486932962612638	24.090418277059673
0.6845637583892616	-18.11708241880764	24.35150391384386	-28.16903345685082	16.623491484801637	24.8969690330153	-23.391891561853214	20.332038127315617
0.7046979865771812	-17.617376522223484	20.540706355692244	-27.151515428213656	11.549345934703656	18.606484986522318	-10.120852018511572	14.381662375035013
0.7248322147651006	-12.984792458121099	13.448499959628855	-19.51421105788014	4.468026469326827	10.311458871638814	6.569533027842445	5.828161861870406
0.7449664429530201	-6.324378955878977	4.529776038189995	-10.817549147023186	-1.356584098325352	0.7173016098365484	17.383305857739373	-4.246358816698159
0.7651006711409396	-1.4013382665151255	-1.403697669424902	-4.327489415462174	-4.649228721449322	-6.21910143049165	16.85521593976839	-11.772692347579003
0.785234899328859	1.1208593439118903	-0.6308704893498313	1.3671939474528298	-4.759899323957925	-7.143986201088282	7.513937709370337	-12.935930003878166
0.8053691275167785	2.5122979063674897	2.003010127868028	7.230775827673851	-2.895488725392471	-6.185024818357228	-2.765709749483301	-8.895975413213005
0.8255033557046979	4.637273059670248	-3.0367280232299314	10.159509648083592	-2.0996871402604755	-10.393199416281718	-6.158532338909142	-3.7170465161860027
0.8456375838926173	8.625964548874231	-17.024845070685416	8.292289070094656	-3.3513428577065225	-20.281004161491772	-0.5521544259411839	-0.6923156346476456
0.8657718120805369	11.355569935201054	-29.52284081762106	6.2584955123993025	-5.9482252828834055	-28.97852587313824	9.307851042373603	-2.0537251470865603
0.8859060402684563	8.783649318977405	-30.156064232084802	9.876278362616254	-11.649319719298333	-29.32123474015127	16.643889216824235	-8.749350653928222
0.9060402684563758	3.843262119401288	-20.155198220507756	17.700336631709913	-21.713273276443584	-20.905195195519738	17.150305412921085	-18.321166269602255
0.9261744966442953	3.7278993424109377	-9.153950915265135	23.808807158358032	-30.788693914481172	-10.768478762489565	9.81486726141971	-25.32739635296163
0.9463087248322147	10.019143967566372	-2.6326699385854293	26.247799489697353	-31.340896532719757	-6.305599258572329	-3.115227775776128	-25.939322328956557
0.9664429530201342	16.510314651605135	1.2680591916405022	26.859996487774335	-22.756967264634216	-7.878460422431294	-15.43752215928724	-20.148388327996987
0.9865771812080536	16.027480780461296	3.396953704561199	25.18065527391019	-9.976182188380871	-9.509826756753938	-20.393405218773882	-10.680538854842123
1.006711409395973	7.403799408524684	2.650055548580275	17.101369455902216	2.7173473641302133	-5.784260241705139	-17.472446820738366	-1.1425556723385528
1.0268456375838926	-4.371487738316683	3.069856235678657	1.505385960982148	11.515502760148316	3.8099757870088258	-12.37551624232034	6.543457382141594
1.046979865771812	-13.542147026156101	9.441712681872048	-14.252737751171264	13.041612660064285	15.50683249689592	-10.835449131998507	12.478603730440462
1.0671140939597314	-16.978423586899318	17.998322761679102	-21.59462222180914	8.766382333023547	23.41589443007855	-15.103768657217314	17.08979002895576
1.087248322147651	-13.284601406259334	22.004284378177775	-20.859294929347243	5.973677318435626	24.031322072149973	-22.490206708625195	20.677130475357306
1.1073825503355703	-4.368521949862343	20.975855346681804	-17.426613936577354	11.712188490017386	20.128088821361683	-25.396848163707983	23.388413930657453
1.1275167785234899	1.643717505633509	18.155780460386215	-12.922078088411155	24.584931434416845	16.678440329507907	-17.817055431376247	24.169182743679418
1.1476510067114094	-3.406352598554742	15.88897998833548	-6.774691769611109	35.771807613729734	13.915077633760243	-2.8386055249920292	20.983788208740414
1.1677852348993287	-17.111869025232423	15.948949460689251	-1.5052166283237223	38.85067385208007	8.827379862615397	9.732506863354836	13.748878606438238
1.1879194630872483	-27.015733583507476	18.381369561634063	-0.7543727111877359	32.78486329431866	1.5226479609167	12.608818322432338	6.354473372475443
1.2080536912751678	-23.208382765251777	19.359021882575867	-4.2631480384302884	18.627162150001578	-4.6396512794860865	7.1409421853115	2.694823015229012
1.2281879194630871	-8.10383275782278	14.024123960515048	-7.777949349285518	0.5948116518893487	-7.151784591912028	0.9712862582458012	1.114731475489833
1.2483221476510067	7.319832924002533	1.260655999427597	-7.32566787616492	-12.33022144786423	-5.083473286387612	-1.1306460518016785	-3.039531744119427
1.268456375838926	14.175975333681855	-15.006826794284144	-3.1374635150431227	-13.162096874560792	1.24909038682706	-2.011485766846049	-11.594077542871384
1.2885906040268456	11.664757554780216	-27.961087473743007	1.518202680077032	-5.766256484350639	6.897105460366522	-5.315112337873188	-22.151305370539013
1.308724832214765	5.85158733167267	-32.44982965577217	4.81552315836728	-0.5518394400929365	3.238373928972159	-7.741279747985336	-28.640028685403358
1.3288590604026844	4.712576528782835	-28.540876075543103	7.215415307348144	-1.7038028892174273	-11.426434343546978	-2.7495309917274127	-25.97571203973873
1.348993288590604	12.1144588492861	-20.185370267481964	9.689413361881543	-5.793599518769649	-27.581681575086513	10.070270489685804	-16.474607011467832
1.3691275167785233	23.171803592203084	-12.377570115699381	13.07046807608206	-10.755725723747382	-33.73743075867726	23.818572819775937	-6.652589465437668
1.3892617449664428	27.157354620230173	-9.644320254671108	17.126980122328046	-17.52792838080957	-26.655381620094694	31.49081841960637	0.16470781051233063
1.4093959731543624	18.37281468657138	-12.464842298364426	19.748210353672345	-24.200470540743023	-13.670729962221642	31.43999891397877	3.029744099095031
1.4295302013422817	2.6238569535195797	-15.98244501064602	18.72876228787717	-25.446392207391103	-4.183116755993501	27.07857049613538	1.4985140850944187
1.4496644295302012	-8.789352939861974	-15.82711995800385	14.736785765913377	-18.43309482303624	0.1252725800896357	22.790837139784514	-1.1319286974141536
1.4697986577181208	-9.915010485029661	-11.84581854613021	11.113462290527583	-6.3756664641023475	2.5582717506283537	19.75049204494846	-0.28814006640406953
1.4899328859060401	-4.206689808698137	-5.539930682160758	9.294165032025331	4.7634618011890995	4.833743502736345	15.794318162176797	3.385234218687784
1.5100671140939597	0.9417260859796777	1.2707490418285468	5.314098713966467	10.67489677114041	8.197785342402598	8.403750341397302	6.301332055613443
1.5302013422818792	1.3835630605748008	5.480788256408637	-5.0609545103751215	10.119527738514552	14.962610805911826	-2.7481943826373896	6.693515485209399
1.5503355704697985	-2.367789730542901	5.520554078689127	-17.875445113643142	6.333505562361755	25.00791455681963	-14.466016907694382	4.967628792814876
1.570469798657718	-7.412418188880503	4.770274794226445	-23.25935657295584	5.629688939264942	33.16946464839619	-21.508780784972107	4.951578884601222
1.5906040268456374	-10.652387328356692	7.919867716340743	-17.11046303077333	10.205917404669375	32.602324173508876	-21.980054670207483	10.653795681119185
1.610738255033557	-11.51597699545164	14.939391725129902	-7.619398317686683	15.186191627996873	21.268078734761996	-19.87022723729883	18.41340983539362
1.6308724832214765	-12.79242273961024	20.764763199922285	-7.1746287648694524	16.652134492579304	5.004486367515094	-19.00510594880644	20.994106637073514
1.6510067114093958	-15.817132175183367	21.417544258906734	-17.595216262815285	17.865360450864443	-5.698741119117322	-18.143198006143646	18.829254347314023
1.6711409395973154	-16.801743154947676	19.30604570196714	-28.323526537913224	21.696317679606697	-3.8193849583185457	-14.918492245858129	17.379924230205976
1.6912751677852347	-12.65796677390914	19.22902906031019	-30.103839097101705	22.86559073678626	7.15872686586316	-9.347172743464855	16.915113723481515
1.7114093959731542	-7.33417738667241	20.450711952501244	-24.440389830172393	15.967305013828526	16.101732854282044	-2.350810849532459	13.46459268708698
1.7315436241610738	-6.444615417334909	17.239545570313723	-17.648742927244683	4.544177934222906	15.091408995099352	4.492118165809265	5.756310342706321
1.751677852348993	-8.236342767402142	6.779353452004791	-12.165212330153707	-4.824510719795611	5.5096387314563575	8.238930940374841	-3.998044441324623
1.7718120805369126	-5.702540438079984	-6.62569105062358	-6.605133089945814	-10.489355584036304	-5.537190626129334	7.191944325611669	-11.694607496292715
1.7919463087248322	3.789663480575875	-14.686941244232434	0.687351243522699	-14.371306756434432	-13.442697615785645	3.3042064501813315	-13.04568988490751
1.8120805369127515	14.917740263398183	-12.192358994469261	8.947672190356506	-18.497265607072325	-19.75280735966102	0.5033323416192474	-9.120693190127547
1.832214765100671	19.68883902378952	-2.997952663318379	14.329242653707077	-22.862242577875133	-25.90561114341064	1.3629984235779822	-7.732346022497852
1.8523489932885906	15.934184544518375	2.783701164315666	14.705589972236249	-23.937493876074694	-28.45219310262057	5.23812236588396	-14.833853161679992
1.87248322147651	9.830929105826591	-1.6252232247822636	13.420824446273414	-19.13901063011382	-25.447567945154937	9.854142004582394	-26.930440779175683
1.8926174496644295	7.964022638404522	-14.206305047663543	14.042838756521059	-13.09300668655699	-21.08838337429664	12.9339811367926	-34.21704490827823
1.9127516778523488	10.051024821727651	-26.04619348636419	15.656587154958126	-13.951554217234165	-18.424543154093584	11.896500314790613	-29.986242603233034
1.9328859060402683	11.71656185111393	-28.807105457174714	16.32735295278975	-23.27627774109175	-14.682304440804586	6.461322993766419	-15.987790202456885
1.9530201342281879	10.708591856477199	-21.486387809868503	16.149465350853358	-33.286322891362964	-7.715818488982114	-0.21431187450843545	-0.8288946952881492
1.9731543624161072	8.226520793049659	-9.415351968789743	15.910703355591062	-34.06158447181979	0.849833678952793	-5.330544358127161	6.232478944884962
1.9932885906040267	6.158468220322186	1.2085384196743747	15.62632222273927	-21.198720176929637	8.895636664521188	-7.196810416534641	3.311850063805927
2.013422818791946	5.105274235888743	6.792905618766151	14.009342475407209	0.8212893461081494	14.11090486687006	-4.77518086080185	-2.0851611616559502
2.033557046979866	4.199547283005749	7.531586991688947	8.847465101527177	19.91916322496438	14.48301194011232	-0.6345655797210302	-0.9733253039655558
2.053691275167785	1.8730313240630263	7.6537638897655285	0.1589460898347662	25.291091686917714	10.958977431955285	-0.002760848910304703	8.18917661913778
2.0738255033557045	-3.285061440448432	12.067156090618207	-7.497496584676839	17.114219635579477	6.770634501395804	-4.168583908178414	19.121079511252766
2.093959731543624	-12.125187671738354	20.68605960872538	-9.676327711145673	6.143800595098365	4.7651040085140455	-8.118596648388747	24.209465608802322
2.1140939597315436	-22.518412815941925	28.532037591532674	-6.958561521195619	4.571303682809121	6.698580526426005	-7.4415807192314425	21.061850317034487
2.134228187919463	-28.105793641164304	32.00986630985881	-3.7576319242741234	14.522982527845432	12.762770957399178	-4.021159328153185	14.091062694875479
2.154362416107382	-24.277456678168395	31.760851494540848	-5.634331591875524	25.037049856906794	20.447935145080795	-1.5677411442593185	9.508041327172306
2.174496644295302	-14.392777989158965	29.09897264365299	-14.788061533831893	25.393284414415902	25.4206496292541	-1.1515715644439601	9.530845611097686
2.1946308724832213	-5.517382379725326	23.451720143866744	-25.18804882080222	17.581133866642265	23.298478522177543	-2.7963178987314863	11.268790829473467
2.2147651006711406	-0.5082920550513973	14.35686342103678	-27.293849960282266	9.794503280102848	12.255169793402956	-4.98824913015066	9.229764770320841
2.2348993288590604	2.316016024901888	3.936734712579885	-19.10342440613471	4.187639267600912	-2.6337572810740504	-4.149031190755121	0.01736993013928123
2.2550335570469797	6.4204935998574015	-3.8866848468312454	-6.545729805913216	-2.1668517378111387	-10.450620210648287	0.30906714843023797	-13.262434487751612
2.275167785234899	13.966421464614527	-6.804450430191693	5.05905685605098	-9.446194139909956	-5.73654539163887	3.9885311140159048	-22.28394127077088
2.295302013422819	21.6972575442945	-7.249431114031191	12.295591506448762	-14.999894304896099	2.589815215577806	3.9271406113134177	-21.89220917552759
2.315436241610738	23.617516142739994	-10.880245261891197	11.49601148531191	-17.531560594693442	1.4288389197425513	3.321210412200158	-15.300394703723818
2.3355704697986575	18.628244161255886	-19.157506516635486	3.2894948429706	-17.50987599312421	-10.062773484113368	6.859508022800727	-8.818395409970812
2.3557046979865772	11.660656751295953	-26.447941358916147	-3.8151636012892225	-16.608008179093314	-21.865169554640804	13.787036152838578	-6.284620529891152
2.3758389261744965	8.151613140881652	-28.056048885138452	-0.5306246787168524	-15.761515815957392	-25.55647482335651	18.81627386426058	-8.838658841782255
2.395973154362416	9.551083289629062	-26.84725080352534	12.699988374225477	-13.512946785282825	-21.311135087939007	19.32037634730159	-14.052634743118396
2.4161073825503356	13.07877250872953	-28.16248034969319	26.286811650410424	-10.563284358938649	-15.209106742131103	18.007299251107767	-15.910971333722227
2.436241610738255	15.213528544536665	-31.385347887783055	31.821935317966688	-10.744084317362667	-11.858545442724898	17.2694000885446	-9.970351865015523
2.4563758389261743	14.646214037554024	-31.50570462744504	28.300711746864263	-14.179982011358064	-11.747175129781017	15.39318296159655	0.6453473803757298
2.4765100671140936	11.023862914615911	-26.923866854336794	19.476553787296552	-16.423901947101907	-11.625009214233174	9.966637592674548	7.205828225547554
2.4966442953020134	4.337231952386228	-20.002704195234223	8.734207578425014	-13.260253328281575	-7.505243217588152	1.0065436428314922	5.808538053873228
2.5167785234899327	-3.037468370832748	-12.759240374097077	-2.16091142133286	-2.9256583408964287	-0.8289001281900691	-8.61292120241696	1.6034957053951433
2.536912751677852	-7.665427798895312	-6.372630430101488	-10.85488788312477	11.881497705211775	3.9911683420284794	-14.132227317408368	0.0955027901261826
2.557046979865772	-9.028448994542908	-0.7843485840721819	-14.456229466664864	24.57989911473431	6.258472139598586	-13.02970877180719	1.161518204227811
2.577181208053691	-9.476730111755721	6.286408181119753	-12.415881899870215	30.16864206931231	8.331958621808088	-8.403096682904566	3.7679931791371306
2.5973154362416104	-10.68788449976539	14.860210778265802	-8.036460156175067	27.93785086769464	12.50984220986196	-6.09612385593036	9.353841245736746
2.61744966442953	-12.880176293703324	19.792080659027214	-6.477851332994724	20.905308432131992	18.453479808105524	-7.866269527503572	17.095282052512715
2.6375838926174495	-16.996960045953873	17.560371277138195	-9.775224982325767	15.237965300327176	22.263356358728142	-9.248824197567133	20.881349296135163
2.657718120805369	-24.02807078198097	12.420595028129684	-14.944062306731915	15.895231657236312	19.68995353973872	-5.75722572638853	16.49624175424403
2.6778523489932886	-31.572831260680438	11.660752917294054	-18.06639577391742	21.38644689702072	10.544692076889612	0.1264212196573492	9.324769172590116
2.697986577181208	-33.63528998662471	16.63863437534113	-17.43487813694691	25.688631187409843	-0.3063159115326267	1.2227345055266858	9.090160759260346
2.7181208053691273	-26.40182479363415	21.705456402236827	-13.468525017120323	24.10588994120457	-7.34707944285525	-4.656258162497456	16.899932025384278
2.7382550335570466	-13.054620046124349	21.668208322105432	-8.932722027711677	16.182224127653484	-9.039344895525042	-12.378447265039313	22.813186069850065
2.7583892617449663	0.12981470383686394	17.53813541290457	-6.879294116275822	5.63329702088321	-7.848741901046154	-16.506254452915446	18.029038635873256
2.7785234899328857	9.473016811489726	13.61647537410041	-6.926745129135148	-2.5932876345654217	-7.894014726091868	-15.075154313922527	4.380942603610144
2.798657718120805	14.093608336442372	10.074253194327452	-6.654178812791762	-6.051838449966827	-11.478646695851145	-8.053841297905992	-9.328487033225848
2.8187919463087248	15.009730108449945	3.1684935627217663	-5.576172419339423	-5.514099268011541	-16.404349959737594	3.3082386843343117	-16.61666247813533
2.838926174496644	14.856009353554732	-6.350198377913019	-4.887595459017807	-3.5681525645014665	-19.18592299583488	14.880121601564023	-18.964043620472488
2.8590604026845634	15.776454384005293	-13.863096726060627	-3.4658971264371075	-2.951504661397373	-19.952991192501713	20.82712789304029	-21.616021842595977
2.879194630872483	18.241525647085325	-19.446481446753545	2.6589059799877774	-6.586349052791534	-19.767906540314698	19.20865244499572	-24.80572946910113
2.8993288590604025	21.644150681252675	-25.74786535848699	13.558754700585627	-16.935700586457678	-16.892427057276564	14.207264611354246	-25.044833535436386
2.919463087248322	23.7314403560475	-30.699667057451926	21.721540334281727	-30.925050358837513	-10.56202315932292	10.98768491012437	-22.164749489546374
2.9395973154362416	21.50236215509002	-29.045310314653214	20.020035963218604	-38.846324304355115	-3.1638182125963876	10.210302329563138	-17.560530252825437
2.959731543624161	14.157760331621041	-19.316019974643652	10.71256505676231	-33.826277728349645	3.112123644708454	8.523295710661776	-10.19491979910159
2.9798657718120802	4.720657157300609	-6.790367132172703	3.1524448727349417	-20.48376476134688	7.002654528182839	3.5861463784434915	0.3705295516432212
3.0	-1.4224105819320236	2.810399576151369	4.245775491026648	-9.979733161163207	7.825619237488148	-3.5607322416133953	11.702326848092328
