Date: 	2025-07-01-
Time: 	1106-09

Picoscope code: 	1111111000000000000000000000000000000000

Max potential (current channel) [V]: 	20
Max stack potential [V]: 	20
Max cell potential [V]: 	20

Cell numbers: 	1,2,3,4,5,6,7,8,9,10
Area [cm2]: 	195
Temperature [degC]: 	50
Pressure [bar]: 	0
DC current [A]: 	1
AC current [in pct of DC current]: 	0.4
Shunt: 	200mA/200mV

Run without potentiostat [Y/N]: 	N
Frequencies selected: 	[10000.0, 5000.0, 2000.0, 1000.0, 500.0, 200.0, 100.0, 50.0, 20.0, 10.0, 5.0, 2.0, 1.0]

Time	Current (as voltage)	Voltage1	Voltage2	Voltage3	Current (as voltage)	Voltage5	Voltage6
s	mV	mV	mV	mV	mV	mV	mV

0.0	-0.2985536240844517	0.22266321899457334	-0.1695014123834524	0.23392554545909924	-0.13521589942406642	-0.17140490418025467	0.617547124368055
0.002004008016032064	-1.905127735723407	1.2282413151042677	-0.11854470129973038	1.3001083727630978	-1.0554537384273228	-1.286382694324834	3.3628405039680334
0.004008016032064128	-5.740241360177707	3.293571165042508	2.032877144271649	3.310228802715569	-3.3564219503066255	-3.643643756935784	7.606430416455955
0.0060120240480961915	-10.94673076510102	6.462845421741869	6.123540863159547	4.837113050021436	-5.609260030211969	-5.315369856660146	9.363922802310189
0.008016032064128256	-14.487795914952475	10.80451476745121	7.072427975162208	3.351927841652836	-4.434723365430997	-4.724077993582197	7.221643029703444
0.01002004008016032	-13.238561898938787	14.307857596437843	1.4930567061094082	-1.7047816836781584	2.1000328222859217	-3.5534309671230306	4.433851193498598
0.012024048096192383	-7.503992176270007	13.092601902034506	-5.899944179177803	-6.470248558119382	12.111457349034199	-4.023733287424335	3.174641599123896
0.014028056112224447	-1.8545193008333936	7.098006076847388	-7.510291500643733	-7.124136647979302	20.874566852517802	-5.923725579989396	2.5707440964539763
0.01603206412825651	-0.9424701352911082	0.8975721960945034	-2.4686320120936625	-5.470641249777005	23.67714204870259	-6.57955882725493	1.5307778155340048
0.018036072144288574	-4.317236813936554	-3.33402767704177	3.4387355547699556	-5.158516340258588	19.135095022738255	-3.5339070220337514	-0.1047200950591084
0.02004008016032064	-6.172921969883179	-7.444811382431651	6.613609767485572	-5.874446005972342	9.732233235729247	1.7518457882536418	-2.1891142663013747
0.022044088176352703	-1.307270753607117	-12.21597128362592	7.828233567300908	-5.112279155304417	-1.2271012822319118	5.75235797380134	-3.603252756805903
0.024048096192384766	8.651656913528091	-15.711909954800765	7.28170885570068	-1.438564807266124	-10.69351600643781	7.232756816568928	-2.5761973089854586
0.026052104208416832	16.622074475480414	-15.679984216302762	4.592869515144738	4.528905777644437	-15.207706471297438	7.42550868197571	-0.3935358434683357
0.028056112224448895	17.291272127029327	-12.699803799669715	1.8499899632599826	9.08123395739872	-13.04803566308898	8.30448532602295	-1.0784088314498372
0.03006012024048096	11.503623039196787	-10.61650961106651	1.7785747952469888	7.932055191956037	-6.926417169962859	10.350803272907694	-5.915431364971279
0.03206412825651302	5.476689185764014	-12.20291016441515	3.213522700422736	1.8638977046876783	-2.6039752119569055	12.147277087216077	-11.791219599633974
0.03406813627254509	6.081860109252366	-15.256092990050657	1.995615887698152	-2.9994867885435976	-3.2449526998699394	12.482507199444521	-14.97439429372343
0.03607214428857715	14.246966766865482	-14.599387145416577	-3.1432221906052966	-2.4124833378514587	-7.189352685312297	10.259038813839945	-15.280036756524087
0.038076152304609215	22.914543639352633	-8.461171419590476	-8.709127820571124	0.2654951144576268	-11.740146603772244	4.965089956979087	-15.828994712243139
0.04008016032064128	23.449701626741764	-0.5994257302649163	-10.537205313047577	-1.7590279594483784	-14.75972256427559	-1.1884727463915374	-17.741427784400553
0.04208416833667334	14.708366986194639	5.12558484464702	-7.752957546583001	-10.089811639805884	-14.62243660995275	-5.1462562664603935	-17.166367980808175
0.044088176352705406	3.911541449997136	8.2546451697102	-2.9148017974265823	-18.649318643110735	-12.28059864686844	-5.156095432175569	-9.992687056114631
0.04609218436873747	-1.2465211639444274	8.599847728059316	-0.3702464554821143	-18.656061498746485	-10.164082078049871	-0.08070062012210287	2.236480279479133
0.04809619238476953	1.1337675964537581	4.706435688991394	-3.1862946774075267	-7.563946714230797	-8.141220397793472	8.101595794364645	12.53582445698714
0.0501002004008016	6.995071915444181	-1.8932037089644078	-9.125843984103597	7.013040504329892	-3.162971394443563	12.308421582479653	14.340508931181722
0.052104208416833664	10.268663340207626	-5.438763498978875	-13.562927414208701	15.800609475163403	5.8607679698437405	6.5911927073311265	7.498215004004966
0.05410821643286573	8.145871641764002	-1.581707435166222	-15.90199307857678	17.631948943414876	14.033862687245835	-5.913673943805234	-2.0253675550512353
0.05611222444889779	2.1698606892572876	8.250807562410033	-17.419829529992498	17.393928423211886	15.008460813000974	-15.064461747924842	-8.156895300315515
0.058116232464929855	-5.7421435943031955	17.53784568199117	-16.42469287232707	18.189858684893288	8.910474771085472	-15.342245428851902	-8.83813199904038
0.06012024048096192	-14.939177373400927	19.33569462941524	-10.35764648513502	19.646780666151862	2.5773875633671572	-11.368557204134305	-4.599483455244329
0.06212424849699398	-23.00162900910091	12.225881152457484	-1.3267725704940931	20.64730831490031	2.6261280122755544	-10.544096808580406	3.7991548431239806
0.06412825651302605	-25.316082724825154	2.03322590264617	4.355920786565899	19.34984503145385	8.852249328490219	-14.840613295200804	14.001535114687773
0.06613226452905811	-20.332435841146083	-2.523693033514397	4.738709660480572	13.35739067468941	14.443870783683765	-19.523125850194365	20.90457247405463
0.06813627254509018	-12.681683516566526	1.571992076179348	4.480097850710818	3.0898543053879717	12.740747587775035	-17.88575487331946	20.35821202116685
0.07014028056112225	-7.348865263902141	7.86899381712315	5.440743944696212	-7.378015379188859	3.4652372365462174	-8.616159367942592	13.603654264058337
0.0721442885771543	-2.5452183975420954	8.692781244495999	3.4017850351255117	-14.732277979559173	-6.919407236554493	2.2782630919996287	6.589712412849239
0.07414829659318636	6.364654369322565	3.478176838344571	-2.6199785365432557	-18.536289314692784	-12.179323803297507	8.159669095713864	3.8422559161664127
0.07615230460921843	17.34087965950252	-2.450519317720569	-5.48018761108424	-19.410801316959063	-13.086156778029943	8.184733801167889	4.08535150718646
0.0781563126252505	22.486478657434652	-3.9232633551940213	1.326122405257802	-19.626270725532077	-12.976251153924748	6.36499576327358	3.58534556226902
0.08016032064128256	17.983589241109293	-1.5611098882317558	15.047601931956287	-21.419200366418426	-11.317790964500993	6.981276781880327	1.0520776660258568
0.08216432865731463	8.165661852334614	-0.42427857545638503	26.841221479358154	-22.104731537695496	-7.245453303835131	11.099527105184588	-2.197896191421538
0.08416833667334668	0.20931731697672096	-2.9259527136100996	29.87710284452004	-17.402024701066427	-2.325426611084678	16.169236856498916	-4.1279819173241235
0.08617234468937875	-2.4208636050767813	-6.513737228799671	24.328571277512733	-8.334733140992187	1.7653115906576229	18.659974460941893	-4.452107660061555
0.08817635270541081	-2.289563342709565	-7.2723145551226684	16.80344975021822	0.5187388468197136	2.902477557288922	16.953266767962464	-6.5967592630231815
0.09018036072144288	-4.524123628446064	-3.997273775647412	13.128590594501969	6.076456421566995	-1.795311823830902	12.983932959920788	-13.75408724955716
0.09218436873747494	-10.784314238233346	0.6257560806032679	12.436889896956446	8.038821389042495	-12.188240606152128	10.14061019437923	-22.244693924379273
0.09418837675350701	-16.92127884724492	3.408725797852901	10.28711731908051	8.321196970846989	-21.733657052834758	8.97137361918097	-24.338192846236108
0.09619238476953906	-16.960382448934997	4.401193241207008	4.322457815499378	9.438580373143159	-22.147181575111837	7.80071724321836	-17.620620085767342
0.09819639278557113	-10.737860488225587	5.402572174963811	-4.073564458210475	12.621814524358228	-12.633050320502788	5.368843267446183	-6.0453558902018605
0.1002004008016032	-5.071585367849817	7.105032881993002	-11.377253422020827	17.47281714398418	0.29778621108167336	0.7363387565375795	5.8044839129812695
0.10220440881763526	-5.224353660581926	9.388935285089902	-14.710733431109222	22.29354026035619	10.947672760260785	-6.069437070225167	15.10898860825846
0.10420841683366733	-9.897525075208318	10.893677501150401	-13.051609043566087	24.106693185634338	17.389494353933426	-13.829030995860805	20.52510477960271
0.1062124248496994	-14.900457137830667	8.472958616137108	-7.827544784308655	19.522862568864976	19.89822150691837	-20.49036797587453	21.03140216536126
0.10821643286573146	-17.1863549391735	1.9974201217285428	-3.3746931052329057	7.526228964995301	20.939037118030296	-22.35092436985161	15.440419890797818
0.11022044088176351	-16.02501278395832	-2.906511450671574	-3.9889059335681303	-8.245579525632433	23.164248546142318	-18.096580690870386	6.01389456585875
0.11222444889779558	-12.87295615512608	-1.8961046391114502	-9.88830226650038	-20.501950515878445	25.003639601108713	-12.356251223600472	-0.25958057405800494
0.11422845691382764	-10.297648932298916	2.8231091939621438	-16.58169977264044	-22.191992205766812	23.5577338549272	-9.191199069066135	1.5288588056694414
0.11623246492985971	-9.008044075165204	6.521286121898705	-18.530090470154995	-12.433259110273555	20.967606653033148	-7.2351496887669455	8.700910911728243
0.11823647294589178	-5.558453416495881	6.377982083519682	-14.379673320628866	2.080270764388178	20.15481576158305	-4.436279870727615	14.381281743623662
0.12024048096192384	2.7199961607557057	1.5760125892135006	-7.120777388483274	14.575182721397933	18.23993906332388	-1.3881890365819145	13.953293672296502
0.1222444889779559	11.556147677133547	-7.29838875009341	-0.061399972660210134	22.12823925690176	10.081100674133781	0.3339463186135031	7.553061518404282
0.12424849699398796	14.40103549637698	-16.618336912413476	4.176268729875388	21.734255904574578	-4.694850126521253	-0.3288476923628204	-1.2686535048126601
0.12625250501002003	10.788471943261873	-20.211749948495342	3.96412714510814	11.63103997697763	-19.42487712973067	-2.0076500504784014	-7.514335189947626
0.1282565130260521	6.099059124032982	-15.900074804899623	1.8664147519452745	-4.229287253359065	-25.77239227365643	-1.9159995737670559	-7.266040895091492
0.13026052104208416	5.444149707689098	-8.899300905230879	3.214439098597312	-19.062395099783494	-22.04197555571345	-0.994483874274987	-1.3098982930740446
0.13226452905811623	9.18473551980285	-5.534315786129651	8.861332635847774	-27.70924902608998	-13.977207659168938	-2.2333806882746488	4.0633037842799755
0.1342685370741483	13.144826057660799	-6.746266975327075	14.456019649141462	-27.294112352725126	-7.812904709762078	-4.4607923557157285	2.868751331479641
0.13627254509018036	13.563766563944695	-8.98597064477748	16.50269830620371	-19.120408836250444	-5.580696910015931	-4.420469972954825	-3.0615748602475414
0.13827655310621242	11.22454337058117	-8.47825356396798	15.030231799687112	-9.71994779057306	-6.236884773605629	-1.56329694259025	-5.86305471480114
0.1402805611222445	8.32718094592009	-4.039443471963284	12.110047721802703	-5.5647091322303375	-7.777063384343286	3.2356017066400597	-2.358511080893929
0.14228456913827653	4.601620705914012	1.9309629168150453	8.349916950766316	-7.528548805936994	-8.361312655172027	9.737752226533285	1.5012830542706521
0.1442885771543086	-0.2851857539830024	4.598994398128776	1.5750892250742952	-11.275057812640208	-7.294659100692712	17.35216200407343	-0.29314603062450983
0.14629258517034066	-4.311379525041742	1.3906263916458874	-8.224170012424699	-11.317899562188005	-4.7898428996856435	23.622410007605136	-5.248944341357782
0.14829659318637273	-5.267907228287768	-4.486746942632294	-15.497557660232578	-5.708985864739811	-0.5916401563871307	24.54750068425319	-7.2363425637312195
0.1503006012024048	-3.7869714537403816	-7.27021973163959	-14.931424740590883	2.3168522728464627	5.7943001454449785	17.266609049989952	-4.679078129364
0.15230460921843686	-2.5459073631021933	-3.960115143601594	-8.324583124930673	7.65305715357648	13.13809577324051	2.882368983080975	0.5552643389690348
0.15430861723446893	-3.0207609435892557	3.5745978523679396	-1.7079787581916845	7.523012616523976	17.792320511136978	-12.376694677384288	6.568774258652515
0.156312625250501	-5.529503677760637	9.7323740358578	1.6768599637257304	2.7589753055387085	16.081695842214035	-21.154343965025916	9.614900405126475
0.15831663326653306	-9.86023303012085	9.81342380971858	2.188282740006022	-2.8636144688052596	9.037450603401279	-22.238145256805776	5.499074677590898
0.16032064128256512	-12.801526293534433	5.157271931516829	0.3121356550401104	-3.9658722694460273	3.6807895424371146	-18.772711424865747	-3.421550240303868
0.1623246492985972	-10.072762200765514	1.8077713801330182	-4.176972738403366	2.3612021338499165	6.6628564645759205	-12.90264452894003	-9.163552967400479
0.16432865731462926	-3.1207914739644718	3.5713539034259094	-9.484270484446169	11.979311956005102	16.551584979419747	-8.232627008271933	-7.394187152862391
0.16633266533066132	1.0111655721195838	9.159650669800001	-11.538521935195524	16.526119032108273	23.339969127475456	-8.924274985719983	-0.6112378633484167
0.16833667334669336	-1.7656422402982956	14.509442582335199	-8.61747272150172	12.099924701867995	17.525103937158367	-13.34765458190828	6.043417066835495
0.17034068136272543	-7.199056892089365	14.6254998679541	-3.9825286232853525	2.7877643577432405	0.5218250400128781	-14.785849956475266	8.67720410297858
0.1723446893787575	-6.758619820886073	7.432506177399939	-1.5670806880306343	-3.9884951976710497	-16.5909158316869	-8.032211811812925	6.058950960838076
0.17434869739478956	3.280330739528413	-2.475145198677862	-1.2794352235047841	-4.550578079969068	-23.614774700019932	6.377429670481606	-0.3261092727038911
0.17635270541082163	16.920622786949725	-8.814287891327282	-1.438650320121906	-2.1817058559595264	-18.93207870200237	21.559880954396995	-6.331468560170689
0.1783567134268537	25.854456152898845	-10.770017269123263	-2.2239981788477525	-1.8315730489618949	-9.938391424193874	28.268824270971816	-7.23154150470307
0.18036072144288576	29.10455410230328	-11.711146783666152	-3.555322840778402	-3.4362575280736127	-6.37545680571359	24.30274441710657	-2.5085727944141483
0.18236472945891782	28.38467051605563	-13.80278299600853	-3.5394519394663746	-3.7473783957646187	-11.8260209980115	16.89780627737632	2.436431396819887
0.1843687374749499	22.43093464812049	-15.287520428903132	-0.4050797556942991	-1.0185053564295095	-20.93306363510169	12.073621140223972	1.087330497143598
0.18637274549098196	12.91007014386293	-11.574345332314973	6.053442017958975	3.3112624752366466	-24.49435244723248	9.986182586529228	-8.262119856700876
0.18837675350701402	6.130742954564985	-1.0631493277740462	12.404368972246097	5.736219885036467	-19.214442529859625	11.203003032062016	-20.812787286466413
0.1903807615230461	5.88693498484376	9.89007867308189	12.187081821255264	4.693883312010911	-10.420964058370656	16.067884106787677	-28.28657991642785
0.19238476953907813	9.805269526937078	12.936164161254078	3.7021670935946833	2.2037485969525523	-4.316717387131561	20.725513706751645	-25.653129179190994
0.1943887775551102	13.131882371937392	8.716202044405211	-6.353763779301188	1.3981191436359148	-2.6662790467571025	21.581003191359027	-15.115480420325381
0.19639278557114226	13.074988139300734	5.867800909058896	-10.276062075281834	4.656499538124347	-2.825403071379478	18.280105914940915	-2.582387756044052
0.19839679358717432	9.018110413492693	8.814988268312742	-6.7557135722008805	11.780214603104367	-0.10583666601159081	11.224124810987982	6.983091844831299
0.2004008016032064	2.535058483808511	13.268605553779384	-0.7142392071736607	18.623357801982294	6.910630025814507	1.8193224625558693	11.31958404840512
0.20240480961923846	-3.9575510932866695	13.418809224225072	2.094907029490054	21.05705911134934	14.902207451264069	-7.335962112763498	11.640635085253608
0.20440881763527052	-10.792289687009674	7.131607364794481	0.4802839691097984	19.47922785686435	19.479529169983174	-15.06786288965007	11.121233683151567
0.2064128256513026	-19.68854335017059	-2.2591585502262843	-2.4591304872410946	15.313322176737206	17.700696456946872	-20.613491382801083	11.548050603470566
0.20841683366733466	-29.667818588400127	-7.085072922954823	-4.587449134982762	7.936339315555291	10.721515628098745	-21.32844774713014	12.438279363773384
0.21042084168336672	-36.193106658539605	-3.6657969525870824	-6.597735014910565	-0.29196971374210023	4.889316230407774	-16.90630148753941	12.710425111159653
0.2124248496993988	-34.2134097130711	4.2114058754797705	-8.354288472003004	-4.513772955874876	4.621853110274259	-12.14565652845585	11.78553010645545
0.21442885771543085	-23.953835212807682	10.934016040818806	-7.535627308558032	-4.52187294526415	6.032293779027137	-10.68704559319309	9.996227230726364
0.21643286573146292	-11.084410411212923	11.871092790343306	-3.31198955550952	-3.4819890035094705	3.7782215119957048	-11.658404372168746	7.8985868520411
0.21843687374749496	-0.3733451762041201	5.790941146338061	1.3640859308761024	-3.2771003268070427	-0.0700516884031348	-13.363891203001584	4.9736100001053325
0.22044088176352702	6.187158413542031	-2.0781245209782684	3.2461569853775956	-4.2878081550741864	-0.032054911791234264	-13.709949992220478	0.8457738299226504
0.2224448897795591	6.996432228953932	-6.842132605156267	2.80918943057174	-5.4721032857977665	5.073095857091719	-10.09711836844511	-3.144956099066811
0.22444889779559116	1.7869737946959923	-10.628566699646994	2.2812576448106388	-5.876531303581492	11.210672515987227	-3.8299835271568603	-5.467853543250265
0.22645290581162322	-5.850995524000112	-15.147876997632293	2.0945842774098224	-6.958945516545981	11.151035791972461	0.8365777732344175	-6.264715320510393
0.2284569138276553	-9.703381884702564	-15.579550866443764	2.830013235282131	-10.421448103923758	0.43350099409173204	3.4850994221444567	-6.7945541629692014
0.23046092184368736	-5.791719249906162	-8.397440938923088	7.6747758730232025	-14.003415488917579	-15.220235022739708	6.444590738939272	-7.751868928803694
0.23246492985971942	3.6485306724191258	0.7345499782445167	18.20430898819416	-13.947429161539377	-24.453886005910867	8.786278718109797	-8.611818558255232
0.2344689378757515	11.829085051539263	1.9307041816841068	29.56551730827144	-10.662168651617124	-22.68594448686887	8.52914957206803	-9.312222488743204
0.23647294589178355	13.362837667580548	-5.926997936720249	33.67206052410355	-7.3791762657063735	-14.815910324023882	7.070393600037848	-11.16949575551852
0.23847695390781562	8.42166817482055	-12.917003882621447	27.717806306368516	-7.1188267757954655	-7.687064135202048	6.276980286751106	-13.881915597395123
0.24048096192384769	1.3657573229249884	-12.18816926595847	16.492017181510967	-11.335885789106365	-3.5903389871032427	5.3676209578022895	-14.48650372563065
0.24248496993987975	-3.9262673466252656	-7.58634121336343	6.002245742890604	-16.698139074699906	-0.45438925116952156	3.1814411359025727	-10.749719547023535
0.2444889779559118	-5.016505293265359	-4.596395628263861	-0.02948993232141661	-16.988842403686352	3.119069176590006	0.7496296779970497	-2.929461746865452
0.24649298597194386	-0.39947276023184475	-2.6142919261142135	-0.11979506721765212	-10.559069524087223	4.996234649648601	0.8222727568802868	5.375652282129621
0.24849699398797592	7.085783401582981	2.0617139219611937	3.2697563316890963	-1.8247286011723196	3.21556666037886	4.388563688563362	7.362991223308531
0.250501002004008	10.881354792995797	10.12943476561258	5.524090199615424	4.521717246178007	0.6381334586278999	7.1242847200758135	0.7223850569033784
0.25250501002004005	6.903684643117341	17.584751395313308	4.099343660686673	7.661783867326884	2.6443931568134142	3.05503370132462	-6.294871131131468
0.2545090180360721	-3.651366701182827	19.688951466778416	-0.6897898814368235	8.568114786835668	9.751094403791521	-7.075123244580073	-3.615391654645077
0.2565130260521042	-15.329558662786955	15.772678198728233	-6.563361747773454	6.550477791266294	15.444876168170468	-16.510422875796813	9.317728968484147
0.25851703406813625	-21.01521878906052	10.210996877613557	-10.376417560570516	1.5486262096532692	13.9695290575487	-20.534876756887446	24.114517896736402
0.2605210420841683	-16.28343526008165	8.517442939521448	-11.18138535938266	-2.719154458814092	7.763196655725226	-18.196529728936728	31.46196911983203
0.2625250501002004	-3.9524024324689186	11.818710859215312	-12.162344133971665	-1.8214775836075532	4.129454187864578	-10.565228256331656	28.381960425851588
0.26452905811623245	6.824135123142359	16.671996198988186	-15.607973919471105	5.629509487183709	6.150616761811346	-1.6559402675897608	19.125202999125943
0.2665330661322645	9.42798056650894	18.890183468333138	-17.275936163571586	16.424765294978425	9.4198974738737	3.2090812991049114	10.413781646442612
0.2685370741482966	5.959746563489359	15.158330638086221	-11.73202651177442	22.376307679716437	8.800145209425082	1.8575614904105415	6.488293190745922
0.27054108216432865	3.5441304655745878	4.271846477967908	-1.759739772286743	15.983907252167311	4.658758178230004	-2.489453741859339	6.16967132494628
0.2725450901803607	6.631358694699882	-10.350943411888165	4.504088279411219	-1.0078927277281589	-0.05538477817459864	-4.224427749694165	4.784179090632947
0.2745490981963928	12.713710869478254	-21.779627901376816	4.988366351817755	-18.451635723337954	-4.2659732908897885	-1.5015856444761346	0.01878126484363868
0.27655310621242485	15.313001621380113	-24.073830019172945	4.655442630969512	-26.6911638179153	-8.74571257887248	2.3958942207474636	-5.108660988487385
0.2785571142284569	10.863714010386024	-15.41590228139477	5.553302401758382	-22.013937734338345	-13.353252890824427	3.5981429382092025	-5.558120555446753
0.280561122244489	2.2594433298612238	-1.3089852479671622	4.038338729534093	-7.718747235219569	-15.72105802576575	1.5118917878278109	-0.868691476365362
0.282565130260521	-4.106265597153673	6.580528872909427	-1.498441535837092	7.296124447937158	-14.497540002694883	-1.2639533716820384	3.065507891809028
0.28456913827655306	-4.035914313923362	1.6641942874352038	-6.002009006972495	13.98809718472705	-11.154338489148646	-0.9985924718555981	0.1073154899116712
0.2865731462925851	2.2844708826977307	-10.378838763535638	-3.5244532304169933	9.147212916606126	-6.129134082185841	5.07367823438826	-9.908517046955605
0.2885771543086172	10.868687225238457	-19.124313844736808	4.849175203038808	-2.5312087197166964	1.4220146572528964	15.92645802433252	-21.40294406129478
0.29058116232464926	15.549811511730033	-19.251975487492647	12.494260783595275	-11.660621659996119	8.430818361208322	25.358353454115647	-28.431068192781094
0.2925851703406813	12.669169957774022	-12.847440822344103	14.839379835919761	-11.876363023723943	9.790354112513258	26.66074603207331	-30.136586684484715
0.2945891783567134	4.896417626260876	-6.322488798449162	12.568873215112449	-5.583138923204098	5.3434906951574135	20.065747660054154	-30.307235424020018
0.29659318637274545	-1.876310670517224	-4.4665190680528015	8.546429297836584	0.07507054034077656	-0.8828611460583389	11.629391490131562	-30.667133382550077
0.2985971943887775	-5.066489480528022	-6.438549553443061	3.647332394178635	2.347136821296056	-6.43619747334725	4.819757821124044	-26.825547580243953
0.3006012024048096	-6.334900624662005	-7.795868016603301	-3.492796123553383	4.603221152380913	-11.038031137436514	-0.7456298293978506	-14.190480218666503
0.30260521042084165	-7.152986043367806	-5.24520315828904	-13.490307546578922	9.888329406713616	-12.826638029914212	-5.229607341720143	3.3181462405345328
0.3046092184368737	-6.980041324325578	0.7086661549188723	-23.908847873884632	16.392029107964063	-9.157398518692226	-9.44903904204686	15.704784752016527
0.3066132264529058	-5.288075528897995	6.672795883102059	-30.179144176745424	20.181651833813458	-1.0765246080649682	-15.206960657518733	17.79936102052804
0.30861723446893785	-3.739045421066752	10.076608050038512	-29.328151852897285	19.748420247819546	8.921890385334581	-21.76624271010955	13.232685647230584
0.3106212424849699	-5.172737593484532	11.792124570745028	-23.17731850941839	16.68315247812303	20.55302698241173	-26.24346296834577	8.632664570408965
0.312625250501002	-9.245772245699303	13.105484520223877	-17.183310556664658	13.333154971438232	30.882267606739294	-26.39395555964241	7.11086277223744
0.31462925851703405	-12.206009366154472	12.015177427572775	-14.90899750824601	10.463603706377803	32.28118329292566	-21.339106100238	7.286301591153259
0.3166332665330661	-12.007972015717488	6.401948846680422	-14.23115634392411	7.64120935717507	21.58013517525553	-13.39534579410082	6.219411316518891
0.3186372745490982	-9.312948816936649	-1.3462199962108583	-10.200535109517388	4.693238429033286	5.96975420288088	-7.646362272261674	2.4555836677398104
0.32064128256513025	-4.567243747216802	-6.375470658110713	-1.129314693299005	1.682174304942574	-4.597706721476737	-5.865920252632703	-1.8961402958033173
0.3226452905811623	2.113426287320708	-6.784129554419596	9.78825903939988	-1.533681139583429	-6.465466023363481	-4.232632153235583	-2.893310405391719
0.3246492985971944	10.110310206614402	-4.5021070915169235	17.940198537661722	-4.674891121956428	-2.1653205950801713	0.17379137817591006	-0.16689284043712224
0.32665330661322645	18.216708830833184	-2.063804798727525	20.35493514161129	-6.543928070110061	3.467677425495175	5.337979548672711	2.2989521610442
0.3286573146292585	23.046191523233556	-1.722554874200811	17.81511278103792	-6.8358393482019135	5.527397630722291	9.461863194996075	1.6422666069032852
0.3306613226452906	19.856561538386195	-5.828306103922249	14.672803571570963	-7.032968395076825	0.7771232869051463	13.975786036533615	-1.3521784447156715
0.33266533066132264	8.604864964514283	-13.187489667830908	13.957561851135198	-8.13736852511442	-9.413272807065567	19.15705402700748	-4.261624712433959
0.33466933867735466	-3.5123905486295914	-17.269224581825295	14.428508107440404	-8.790459486882357	-18.9049450063264	22.807850860445416	-4.213429206550052
0.3366733466933867	-8.485620934367526	-12.864606598593948	13.775959781807602	-6.7790373372049135	-23.111460558573988	23.449845025397902	0.48923525509583266
0.3386773547094188	-5.152354573386997	-1.9791458125938606	11.050669756464673	-2.736073908271374	-23.92694940856355	20.54112581557649	6.888330717447126
0.34068136272545085	0.6702139710265823	7.762487341356933	5.175849814304634	0.027378550877099034	-24.981365930795004	13.622195507287808	7.874812053895266
0.3426853707414829	2.9856418178688413	8.679926834278648	-4.481427922417483	-0.1975441901791604	-24.351584920618404	4.513654685286449	0.18395538210332518
0.344689378757515	1.226698525347157	0.29602951580444425	-14.89205446008427	-2.4872428585571074	-17.28937297803368	-2.0694491210099737	-9.770490935181304
0.34669338677354705	-0.35728856388198504	-9.395200145321153	-19.943251304368307	-4.861657245552454	-4.75665318262382	-2.7120310152832015	-11.840797241708335
0.3486973947895791	0.97259983624332	-12.313755095421014	-15.81389940482583	-4.526556747508101	7.123408806433865	0.2281087629729871	-2.7498382531288525
0.3507014028056112	1.525031778687965	-6.743315049454739	-5.920200143703154	0.052187936850108446	14.796299938407275	0.025371965775798158	10.849592683191963
0.35270541082164325	-3.8401522069139897	3.5560250278070322	1.2266549886107734	6.285568084604206	17.578896935978015	-6.1690294224347735	19.966247231553876
0.3547094188376753	-13.657977700221698	12.22896283015352	1.2823484025884022	9.474531363193021	13.656972642782153	-13.65303358427811	22.81834535563195
0.3567134268537074	-20.269733426327566	15.520293823467842	-2.176211543239714	8.064038658788355	4.279664705295092	-17.43668187500452	23.827044768453362
0.35871743486973945	-18.699383588668997	15.613235603691388	-5.244199709352577	5.030833101981655	-2.881606582723741	-17.388307303457907	24.109420028010693
0.3607214428857715	-13.204169815876302	14.69585365008002	-8.606401108741375	2.8866932648540224	-2.199452003019136	-15.253080248988331	19.807903152394683
0.3627254509018036	-10.830554544492765	11.602957989765716	-11.964669985954165	0.5990184383818649	2.2716056855697833	-11.500507425821416	11.25103839364917
0.36472945891783565	-11.800522908338802	7.553863876231522	-11.594541084425295	-2.254710676514763	2.852375510227782	-6.145545784916997	4.5937267562625985
0.3667334669338677	-11.873644378617131	6.56674416904436	-7.338683541282322	-3.723854250815096	-1.2916137261908975	-1.1156670002530027	2.189024710974153
0.3687374749498998	-8.790713677985368	9.246897094692246	-5.094550361249119	-3.3569564449734113	-4.585241596026745	1.7114891930140144	0.49483045004823495
0.37074148296593185	-3.2351325813658427	12.010869019704689	-8.860252462897494	-2.614157443628619	-3.1938865602711566	3.7567037443102387	-2.1544260807506617
0.3727454909819639	1.6228086409260651	12.456493764016646	-13.895825730262947	-2.4511688678009165	1.6334981164200268	5.52226838165709	-4.144928810280743
0.374749498997996	3.3272661829596384	11.216979284200997	-10.938914368102768	-3.2164334676972484	6.0265717347054295	4.206378977425992	-5.491137338539795
0.37675350701402804	5.003363950330346	7.722647874505131	2.509075649909734	-4.94268731320741	6.634666430086581	1.1597218735476198	-7.069543202979324
0.3787575150300601	11.651545170173852	0.48919885136382113	17.793503771576013	-6.765932818449276	2.1132941854195337	1.8290993382834855	-8.490614595798322
0.3807615230460922	21.58795258127786	-7.013972210711622	24.21716173464439	-7.092181788814823	-7.322940330369708	6.13402405295993	-9.647105700861031
0.38276553106212424	27.166257600216564	-8.706492264169766	20.281235579997997	-6.244902991166111	-18.9961366157913	9.939596774223952	-9.922062609261674
0.38476953907815625	23.34196625915977	-5.072517963489294	12.753925683574453	-7.18370134119006	-25.641163886237976	12.294003797500348	-8.533163231607896
0.3867735470941883	12.124021774346598	-2.710043790057159	7.373709296984062	-10.519783834960233	-20.356565603817238	14.918537587791135	-7.608233538325453
0.3887775551102204	0.13891195327180672	-4.500550415520455	4.705650610312889	-12.640173572638746	-6.161306986013072	19.47664952437925	-9.88669672439518
0.39078156312625245	-6.103785480642603	-7.133602476078914	3.2754163821727698	-10.170322037361872	5.385715871727804	24.20857187462015	-14.050244309172678
0.3927855711422845	-4.15783090750619	-7.5201649483614394	2.736994576898576	-3.5583554574134357	5.6184002584317305	24.340310464605924	-15.89920134275753
0.3947895791583166	2.0077439298958453	-5.25106410184716	3.3234590273542164	2.901470034208222	-3.790645458477604	19.170721580643214	-13.859546351086113
0.39679358717434865	5.276024876249156	-1.5736661801696181	4.031702487378302	5.383546895718931	-11.916444161959324	11.837407168390124	-10.942655240080635
0.3987975951903807	3.5117024280847	0.1919749419398621	3.089883317385814	5.071763036504114	-8.309232889612892	3.2727930194958526	-8.871193738521566
0.4008016032064128	-0.7232994660647432	-2.262128856438625	0.5021293265125537	5.976669615424289	5.6430315308977175	-6.579967475393175	-3.2947720187857112
0.40280561122244485	-7.90389152167192	-6.235810974322972	-1.838968563520632	9.255669202219186	18.442633920629028	-16.13790076863708	9.861600340621706
0.4048096192384769	-19.068952636605275	-7.048452261786514	-3.108644323162226	11.80275307788584	21.631433962488728	-22.84162668981436	26.160479464661375
0.406813627254509	-28.167070942476148	-3.054729911499815	-4.633700258511496	10.914629604195794	16.32395686428542	-23.15001255989448	35.39193347612416
0.40881763527054105	-27.680935846693348	3.3919470943074854	-7.822999185075734	8.2846032724321	8.368113114880417	-15.336833134525019	30.679842745923366
0.4108216432865731	-18.863233574924568	7.604289395562405	-11.273348450395018	7.139926543730381	3.3970775652024905	-4.129754790559019	15.138088130672909
0.4128256513026052	-8.972293882193984	7.629081115880465	-10.993807785699694	7.3324514395310185	5.0372193262953875	1.5023832326452706	1.2161659811660477
0.41482965931863724	-2.1740130798164916	7.08393366219087	-5.935857153458571	5.588273270216424	11.836895179176652	-2.708709583419249	0.23879629145030856
0.4168336673346693	2.635725477997891	8.82618961641442	-0.13170364200636464	0.7537400737547822	16.982453618510682	-11.277070213795293	10.995610797518259
0.4188376753507014	7.429141601261	9.947479719795917	3.936701205433793	-3.5894233106806768	15.397061953336861	-14.98576925450922	20.387217311437702
0.42084168336673344	11.41387916317464	6.869792694722055	7.859047182624559	-3.7813290563326447	8.709028591471402	-10.621921814235995	16.778164530453367
0.4228456913827655	12.951747700659864	1.8107436313363214	11.615801738415177	-1.1703067921743584	1.7182370407797372	-2.339842588630997	1.1320314415851884
0.4248496993987976	12.707365383389142	0.3381454153304454	12.865766670113262	-0.9876565376560367	-0.986947580689133	5.0324612101959225	-16.54894513534672
0.42685370741482964	12.169947147125233	2.02962388417884	11.616170456659676	-5.917616200046677	2.8800802951766764	9.038929063545083	-26.794511269680086
0.4288577154308617	11.83726497769114	-0.2799476586763677	10.428553854742313	-11.607768584938286	8.90349578298455	7.304274372214275	-25.76075575432648
0.4308617234468938	12.25564287970362	-8.602523848097773	10.560218802952344	-12.229535533023427	8.107706108467129	0.3977424323736298	-16.969991999936127
0.43286573146292584	14.02271807839854	-16.170965866513153	10.73906021507609	-9.435537794317735	-2.341069090846254	-5.455006876785362	-8.013127371079134
0.4348697394789579	16.428439161008423	-18.57824854766281	9.985743083960275	-9.838360885228576	-15.539566938385487	-5.590978292334679	-4.151538339710458
0.4368737474949899	16.568365607100908	-18.613616561243578	8.617546736622652	-13.499710114228598	-22.7720601494015	-1.7936780804108046	-6.640957967650993
0.438877755511022	11.63506719205312	-18.463982246902237	6.053968747672778	-12.047522451223019	-19.12244280620837	2.4241776574638565	-13.58224663903828
0.44088176352705405	3.215275515256362	-16.323902588911793	1.580334083509017	-1.355558870426295	-5.312583260271763	5.330326880416351	-20.081841051323575
0.4428857715430861	-4.372749558412776	-11.45665719672574	-3.0796832071276246	10.614185089227435	10.306132275076573	6.464228241492162	-21.32925506271863
0.4448897795591182	-8.811499755317758	-5.2871288136345145	-4.8703141018992735	12.64497479968161	17.987141059465866	6.19105173188232	-16.20325206933478
0.44689378757515025	-9.677126447535779	0.7502866229362323	-3.186907637250682	2.956116255127192	16.04853113640055	4.738485513177277	-6.95622901823961
0.4488977955911823	-7.39909108093423	4.514297659153538	-1.2374940001032455	-8.299628947101432	8.871606504460347	1.4173391470415777	2.9012568301280566
0.4509018036072144	-4.652254606752894	5.153778351950813	-1.9435799241095426	-9.213989240638314	0.8217253778153992	-4.33048209589577	10.26799985351957
0.45290581162324645	-5.377618614943106	5.681920103077938	-4.989027683623419	1.496278757596606	-3.8137328188318165	-10.730781872788187	12.798127303120813
0.4549098196392785	-10.03704613447616	8.82720462677046	-9.226075438785665	14.711200547170732	-1.6168537108916006	-13.884218550871841	9.552612899644648
0.4569138276553106	-14.48999699729406	13.646155710564233	-13.613049393251387	21.066106578644572	6.680519455554517	-12.734174008374373	4.138074291136292
0.45891783567134264	-14.791826283639532	18.077018832193527	-16.056948035319344	18.927401575659953	15.563768675938897	-11.045990965526206	2.1177321976245382
0.4609218436873747	-9.853332266365095	19.733855972102443	-14.738680487035943	13.661851880697823	18.158877317641654	-11.737020733951793	3.2378060395414976
0.4629258517034068	-1.4735667797249157	15.743993731443684	-10.842986694098137	9.760495433208275	11.90707808147282	-13.509886208567757	4.101285203754338
0.46492985971943884	4.67641327215644	6.903206683598408	-7.8592648976492026	6.5417301031858965	0.7338287778005697	-14.3616728195283	4.665053375977561
0.4669338677354709	3.4105039741410472	-0.9995313590473344	-6.591524310329383	1.8678128990979397	-8.369255340388094	-14.404200177748814	5.640346269109856
0.468937875751503	-2.7538328703126	-2.6800134119295933	-4.322369742857111	-2.8701817989092664	-10.46199559319536	-14.979543884879396	6.187270731170973
0.47094188376753504	-6.49299645512513	1.4108933263433334	-0.2742793945037578	-3.8000602285594116	-5.949537452978344	-15.494367795917162	6.438422452464989
0.4729458917835671	-4.388586880222627	5.937795158214954	2.1230526205606806	-1.1839180576347046	-0.2019365373236539	-11.02910649133619	7.716509155601561
0.4749498997995992	1.5239099742185331	5.879771071988656	0.9118723871283636	-1.0614385759043519	0.012973714525982283	2.5658445131436136	8.776462295716401
0.47695390781563124	7.057795341075861	0.2742050289963477	1.2928581813687987	-7.897630005236443	-7.486882468924849	20.71495785440745	5.038441063655502
0.4789579158316633	8.803393412023594	-7.324227759239621	9.396766866600686	-17.791111906574926	-17.211462762916998	32.132617231672945	-5.465479232791529
0.48096192384769537	7.294350663291992	-12.235855636776018	21.87081270723073	-21.479443580990168	-21.814311250681182	30.07420211899461	-17.755990985081297
0.48296593186372744	6.859113784970511	-13.220430267371624	28.767180036901507	-15.175907100996266	-19.806781668893713	19.235055844363142	-23.663556041598653
0.4849699398797595	10.453433526186455	-11.698967739501247	24.871363670563596	-5.392454727164132	-16.473224188839872	9.371796367154042	-19.321761717906213
0.48697394789579157	15.034261403389378	-9.624607261918015	13.863802024986713	-0.4753948896939965	-17.330270165995596	5.053035574390536	-8.179384663475103
0.4889779559118236	14.631272651115856	-9.702431941418386	2.876097479165937	-1.0437083933537477	-20.890843711205314	4.97783193814432	2.339075714452581
0.49098196392785565	8.390399739852963	-11.662913744802287	-4.108680917986648	-1.5838275588866042	-21.893378112286207	6.58251348030562	5.409868027876956
0.4929859719438877	1.5537706900195598	-10.894966611176264	-7.419544089314991	1.6963637864445322	-19.45353839507795	7.41131073354987	-0.8529853281803302
0.4949899799599198	-0.5497676486722635	-5.782075831646265	-8.229515494396242	6.974258016751621	-15.808430517195147	5.831266405273661	-10.009481656531475
0.49699398797595185	2.664171010762778	0.10796842698020626	-6.49570464298769	9.439664985712264	-11.257727378712225	2.388380128290154	-11.253080183517183
0.4989979959919839	6.621939977404619	3.7016861786374458	-4.267397535512366	7.298125360348278	-4.8309282024611555	-0.8449018756797702	-0.5675089966752407
0.501002004008016	6.235029926910077	4.860997675359546	-6.629904399071879	5.0242318447261205	3.8102326740203036	-1.3132913213336956	14.57160508615623
0.503006012024048	-0.1814000055617324	5.735329280613112	-14.285483056060597	8.132730806366645	13.318449155160886	1.3088844459792424	23.27234051019448
0.5050100200400801	-10.696940581939694	8.068302399666056	-20.41657698021931	13.978321837543076	19.61952755690062	1.9580931971851254	20.493124779323864
0.5070140280561122	-19.198823944755873	9.431491602690011	-19.505148760092368	13.771675874732228	19.034017930240513	-4.762248848909993	9.914929800326956
0.5090180360721442	-18.831891391750975	6.677496508456019	-13.436583556115961	5.631525491385894	13.067218421274093	-16.657842035381307	1.4333093816214162
0.5110220440881763	-10.771417978154151	2.8343188604991285	-6.381762249503323	-1.5732983721901574	7.889997364212018	-26.658147881567977	2.494048846020974
0.5130260521042084	-4.2497238579302525	4.191314854887836	0.36898616494161174	0.013220052551078415	9.030288635058527	-30.451127584481814	9.778371899299119
0.5150300601202404	-5.171426539183116	11.056414817833424	6.810421760371774	7.196859089918407	16.11527567623219	-27.26250026653385	13.098024470957997
0.5170340681362725	-9.578701485887175	17.43184699093787	11.51156270266882	11.799066773466775	22.76948666202107	-18.52331061441508	7.982402373413254
0.5190380761523046	-9.956234622136476	19.668858355397322	12.02415718799469	11.330191853433965	22.50025985346166	-8.207412478440721	0.2265408939065038
0.5210420841683366	-4.836066505127265	18.632162550301064	7.775942397920618	8.636435221646366	13.968068297465898	0.5077488563248188	-2.947970536902858
0.5230460921843687	1.8210059192832855	14.15742978768281	2.3474318017924407	6.389000260508352	1.1930549926872818	8.190847005541846	-1.5385965716778274
0.5250501002004008	7.939441598659771	4.9436839558595596	0.24669151224302666	4.56801546320205	-9.141628316133561	15.377112314758048	0.2606338074814255
0.5270541082164328	13.534407009666976	-6.25975551483925	1.215501213970802	1.6880543813715183	-11.942486398485498	19.66402731076226	0.3705065657528982
0.5290581162324649	17.59173906763781	-13.193060065930238	1.3163092013334443	-2.3283650878367883	-8.069722135749904	20.68428702193299	-1.6340117302161992
0.531062124248497	19.009819337878078	-12.770887218690572	-0.8585124028422852	-6.953219649841461	-3.49049526230489	22.048834488657956	-6.444520698127934
0.533066132264529	17.684523109581924	-7.487180933522974	-1.5177993741450282	-11.961630557800705	-2.4748287496838373	24.552844778356008	-13.128567270685293
0.5350701402805611	14.821144264887698	-2.3540961876166113	4.1945054534816215	-15.21496681561287	-3.046900348856953	24.861381688699407	-17.968804646802024
0.5370741482965932	12.515933331592754	-2.66788666929214	13.8846499499856	-14.498643757703833	-1.6803831043268573	21.925624765707997	-18.391598356947807
0.5390781563126252	11.616997304485741	-10.306601489863466	17.511643324361078	-11.202312908839541	-0.30372124738826756	18.59894209556582	-16.468934819513198
0.5410821643286573	10.414692692273864	-19.605275317251635	10.674862588300444	-9.102219197809458	-3.4379385939467157	17.11562361548931	-15.942593140057932
0.5430861723446894	5.57290743737774	-21.550621937778867	1.3727875178774018	-10.712417296450308	-10.725393085953709	15.489146231015292	-16.72731218826479
0.5450901803607214	-3.726533079684266	-13.71863069837731	-1.065930679063632	-14.097077264922113	-16.8753195803513	9.644166534818376	-13.475325193984856
0.5470941883767535	-12.439837809890516	-3.290263749542272	3.5068255261402896	-12.729859360982694	-16.45516739043157	-0.7884432895983174	-1.8901555543526158
0.5490981963927856	-15.668728826386943	1.622614508294034	7.801860968013255	-2.145458089608896	-8.062616491357316	-11.016272608133638	13.595119460658516
0.5511022044088176	-15.358146724320841	0.7575078172530664	4.622353319407885	12.174430576565996	3.7841949005300552	-15.3928509621113	22.802938450296384
0.5531062124248497	-14.96207919071504	-0.12704997596051648	-7.898920990558528	19.12093365746496	12.602760141425685	-12.126761910076382	20.052598442895363
0.5551102204408818	-13.392809994517103	3.050758194029055	-25.09317966587634	15.074854679875797	16.05074027260929	-5.945209486482355	9.44791330560672
0.5571142284569138	-9.262659369058287	7.575276607313744	-37.006047456003486	5.958124715257055	16.24178781540431	-4.667221864492747	1.1491104997144261
0.5591182364729459	-5.7427728078591205	8.29073879011106	-34.922305208372364	-2.34172828449279	16.116696305463986	-10.28343562111846	1.9028121845550596
0.561122244488978	-7.275887808680848	5.858135803261587	-20.07292936054617	-7.753858179831896	17.445879390424253	-16.877990849764434	9.3046320529457
0.56312625250501	-13.789329459525236	4.726404320271425	-2.69132090212649	-8.440874894007225	19.816578464445513	-18.095483015352215	15.977734549357992
0.565130260521042	-19.317767629053378	6.5707350809905	7.929334237498065	-3.917700427182833	20.33045129489352	-12.883697717043628	17.192131230915606
0.567134268537074	-17.181210864449913	9.316933998377289	10.248152168298057	1.4877743281175526	17.326854500990603	-4.857467381881094	13.621271151164253
0.5691382765531061	-9.025931801496274	8.789898027713557	8.180919523992898	3.136894817088857	13.60478661641375	0.09498342120518577	9.032610648302837
0.5711422845691382	-4.394930191310753	2.396701557383561	4.772650201915491	0.27142350569759777	11.962652580319146	-2.128245318629029	6.344556135604127
0.5731462925851702	-7.888798545267351	-7.522033388687585	1.06448406787098	-6.6579354563064195	10.001820429554828	-8.416882065449107	4.973248645873853
0.5751503006012023	-12.30918385481614	-15.703329624252575	-1.1418568031957206	-14.966844085780709	3.775924166536443	-10.518146086152083	2.4419384487351374
0.5771543086172344	-7.63079188769048	-18.429938845914748	0.1675689912958489	-18.121737493383772	-5.571053762822659	-3.764474895966243	-1.4909160117787121
0.5791583166332664	5.645817225258892	-16.671771583778824	4.679532162421422	-12.552282654707598	-12.881994169973149	8.794618289457418	-3.9031756590748086
0.5811623246492985	16.085651515279558	-13.990705189051535	9.950767889747748	-2.943354754524494	-15.700594332387828	20.104387242288485	-2.045050468423098
0.5831663326653306	15.819755748921281	-10.435363630636237	13.745822381668278	2.899059397302331	-16.11805519870238	25.1057812845651	2.9467618672245126
0.5851703406813626	9.560228374884115	-4.427380672308273	14.69943434402032	1.8860122383031024	-17.094734052849894	23.33076366171318	5.6885025550632635
0.5871743486973947	5.163670121712084	0.41320574499755736	12.126467062068985	-2.957351787481901	-19.866402693638104	17.774094363536474	0.5333406949967748
0.5891783567134268	3.2961164806566448	-0.7510604048670745	6.959236468238219	-6.079338836678778	-22.046810093209444	11.73223589119443	-11.393224902991049
0.5911823647294588	1.8200083089910262	-5.164663777520742	1.6209678250825605	-3.736023897705353	-19.199739341842026	6.662392565373043	-20.2292263846081
0.5931863727454909	1.83665549781219	-5.945014326130084	-1.4792353349489142	2.9364667115824243	-12.586682747706725	3.7190799932206926	-17.70107643853831
0.595190380761523	3.7840275657128206	-2.007815384765723	-1.9149710801516637	9.01331076960057	-8.635805435958131	4.03749301109953	-6.914849571424422
0.597194388777555	4.130372583326205	2.8667761915300636	-2.3403825927095845	10.034070755289594	-7.1725593885686685	4.481029183977775	2.13248837593238
0.5991983967935871	1.306681442177931	7.345876201076185	-5.189490192573725	5.955913992430105	-0.4428377067216793	-1.7311514948491609	3.119875026947445
0.6012024048096192	-0.39728974159138086	12.173999561123706	-8.201325759912988	1.980282547017129	12.994698619231547	-15.443674530416171	-1.4841495221388628
0.6032064128256512	2.0491036812945236	15.816399572142881	-7.077514670226822	2.8286798279810466	22.636832680565167	-27.34286287195093	-4.178505516139004
0.6052104208416833	4.610829996629073	16.071857837257486	-1.3397754562867645	7.7274812550978265	18.84544571656959	-27.29520206803433	-1.7059628411015726
0.6072144288577154	1.1582768683678424	14.882786866620277	5.237989402473175	13.150128930347078	5.072772693581344	-15.968510778412323	2.0149413541038483
0.6092184368737474	-8.893783447021587	16.359781316993132	8.003770793463435	15.484306165133445	-6.771007514434395	-4.2266818152430226	2.919749541975404
0.6112224448897795	-18.78096461019595	19.63487825056524	5.3383245163853275	12.710807932973465	-9.179856334234131	-0.7469977378058484	1.7617442824659437
0.6132264529058116	-19.585326452494876	19.015565258611712	-0.7261943990770858	7.379173759448291	-5.3897725870647815	-5.1859406429908175	1.5568844450663604
0.6152304609218436	-8.976944237372871	11.577320890363186	-7.778819888933818	4.664601440324713	-2.4514254220336156	-12.34276398343508	3.9808218018902912
0.6172344689378757	5.56741458553479	0.9929609879307336	-13.298587900448734	7.277212062080933	-0.11485939420779268	-16.75702023429976	7.818986463972048
0.6192384769539078	14.054910088175728	-5.975840313019499	-13.555203844522287	12.7724675370957	5.694241514307501	-16.1558968993555	9.811947325310856
0.6212424849699398	12.875431281497127	-6.120606073463251	-7.961518686279554	15.33702476634989	11.96168649210687	-12.14653039085575	7.519874901411929
0.6232464929859719	6.21180984718834	-2.5405424695507888	-2.0946472698117002	11.384073237256159	11.916235716482335	-6.250300521382604	0.8200280801204701
0.625250501002004	0.8103223347934084	-0.0740411682945413	-0.8761381755565465	2.517749701396303	5.565438096091537	0.5703202304480776	-7.422257693128076
0.627254509018036	0.35380094640572335	-0.28289330746926267	-2.3235869790172456	-6.732047012332492	-1.2593377079959431	6.183870129873506	-11.448737890985596
0.6292585170340681	4.561864729868555	-2.04382362506551	-1.8175200013651607	-13.045469969992213	-6.07572507302788	10.234244505157532	-7.739293381090614
0.6312625250501002	10.648083900661467	-3.9948334050210246	2.072253785364026	-16.45071404118332	-11.893493626393212	14.44171828547935	-0.638499393412938
0.6332665330661322	15.01361420768439	-6.0108555788296725	7.469979116923756	-18.479587861924724	-20.11646832486698	17.684243840858297	1.3195864074479657
0.6352705410821643	15.97997070440087	-9.822575621296144	11.670401197843749	-20.188377341257958	-26.45818938087978	16.560352593596082	-4.993855802840277
0.6372745490981964	14.839283009491615	-16.066873231453332	13.51485317127678	-22.153041659409165	-26.09136501993641	11.039925282139501	-13.994208988065909
0.6392785571142284	13.514170473795948	-21.211716901456345	14.225872388387128	-22.90465177959002	-19.19837404415064	5.053066169124515	-16.993680273011577
0.6412825651302605	10.85039428252804	-20.649564391362166	14.91304511625733	-18.152500284637316	-9.026958600717618	0.9398022543948702	-10.810948868964903
0.6432865731462926	3.7365893858201797	-14.26992574279351	12.90875504939814	-6.43686461405551	0.8629365480161155	-3.138960104373139	-1.7742902125021858
0.6452905811623246	-6.2472327259708695	-6.548490182434686	4.643205885806426	5.769968848128254	5.783146444908773	-7.667668194127616	1.978803832633536
0.6472945891783567	-12.126708928973331	-0.5814364280716308	-7.073550752494048	9.993381200119172	3.0790387913384087	-9.412119151594162	-0.1447593255700611
0.6492985971943888	-10.325155631868332	4.374010145438934	-14.516892074487876	5.825384256746856	-3.4690800979195746	-8.35542387501941	-4.380830359655475
0.6513026052104208	-6.5830658741349986	9.44290241063761	-14.18107330763069	0.5586724965801879	-7.152650311383946	-8.874502514377753	-7.154395810448373
0.6533066132264529	-9.039870236117142	15.039518423450307	-10.453104433915554	0.31489648066781173	-5.277084781995441	-12.791362303140836	-4.598432686501545
0.655310621242485	-16.619343531182707	20.0011909398737	-9.461068821001632	5.9471489376305255	-0.7609219236129423	-17.64545817971208	3.6621773920971434
0.657314629258517	-20.07288228463435	20.132973228256407	-11.995160541777166	14.553273869331136	3.0174756124431203	-19.695713191257273	13.148136809647081
0.6593186372745491	-14.309287636100729	13.81126301462638	-14.67491557522559	20.891079405032006	7.091671950054092	-16.689406558009168	20.089236971480922
0.6613226452905812	-3.569591639076979	5.91333201493308	-14.546131401354925	20.635267247872868	14.170629158651712	-10.122288095443878	22.73977798947985
0.6633266533066132	4.317296369934713	1.3271622517173052	-10.776890013624119	14.767761043306216	22.344852942077726	-4.433221567526452	19.409365466073037
0.6653306613226453	4.023162420969722	-0.16496554988238374	-5.3810483759749115	8.094033371396169	25.753432398553453	-2.3318953196456476	11.698015638789425
0.6673346693386772	-3.311816299283299	-1.0483442763777937	-1.8195228854403676	2.555013913089054	22.288971123321108	-1.0783547630995733	5.345340667967233
0.6693386773547093	-9.972912273238933	-2.035634870554741	-1.5132493755788927	-3.745609008218647	16.032864798195316	3.7913359093400616	3.012069666712319
0.6713426853707414	-10.547898470332859	-1.8986632655713693	-3.078033605050047	-10.91798550941523	11.606972957838822	11.104231640292742	1.8900731550930572
0.6733466933867734	-8.363190697677156	-0.3729522137319804	-3.4138351920648287	-15.530447136252933	9.130162838935547	14.863254040020365	-0.643336441490466
0.6753507014028055	-7.007680583473114	0.30525731475369466	-0.12994468934874726	-14.801280235289129	4.721709553369481	12.51370516558686	-4.934686393897777
0.6773547094188376	-2.740923617149697	-2.539616383863849	5.774186669457104	-10.665397803416072	-2.9119724968677883	8.776738078013972	-9.970923404169984
0.6793587174348696	8.444215829708316	-8.758239141509948	12.56096429692206	-8.547244175308702	-9.066812409004717	9.709174204315568	-12.56947965437339
0.6813627254509017	22.280009525361724	-14.494281535383994	19.680369763530322	-12.296761513633552	-9.609048947635754	15.416251445776563	-10.181898928980713
0.6833667334669338	27.987420852971052	-15.427419700050079	24.408377078884087	-19.947932218930337	-6.032794388569066	21.61630633161138	-5.117160044235091
0.6853707414829658	19.313584973857225	-11.369962566336422	23.429803024231003	-23.756222393339005	-3.3037596127894915	24.575014996904027	-1.8829284592086697
0.6873747494989979	3.994822682418791	-6.401874424559513	17.847860530309376	-18.14512030380676	-6.019916145926221	22.129328999527903	-2.4501555285575654
0.68937875751503	-3.717593390323646	-4.803195419347465	10.837807793788322	-7.3302710325242675	-13.372209581038645	14.823334503258119	-6.378895084692908
0.691382765531062	-0.1772248693486879	-7.257372263646469	2.928283483432283	0.7165413477421562	-17.42242228089588	6.41267192866348	-13.056241847589082
0.6933867735470941	6.016811943437972	-9.468932392265188	-5.301163565556825	4.2316270473617825	-11.503688881736563	0.6646893659671512	-20.979334932805283
0.6953907815631262	7.845905146311159	-6.301067627779918	-8.93902435705838	5.948768416994774	1.3908658989549316	-0.5206102123217216	-24.96212607209509
0.6973947895791582	6.657180309622026	1.4377069488247356	-4.134759259400482	7.85315165853285	13.266581754762525	3.2011483060523154	-19.43408449669307
0.6993987975951903	7.0092961645535095	7.162119058871159	4.233636732020315	10.730849168952828	18.957601819847945	8.760538146101718	-6.3520124491886625
0.7014028056112224	10.08647016416354	6.375927227084095	7.586249885662138	13.168636190662003	17.073964426407354	9.487798678852641	6.38429153386907
0.7034068136272544	10.553588713443895	1.6343965507818963	3.622003830721143	11.768664170188428	10.752514138990536	1.1834526554135611	14.299645459446618
0.7054108216432865	1.467500121293721	-2.1978136178975314	-3.439274039529632	6.600688722406238	6.176034838206997	-12.227255656190204	17.38695178985309
0.7074148296593186	-14.209054281239888	-3.6629783285462016	-9.15923374434136	3.3723316655448397	6.132275833275411	-21.51866004440378	15.366596571030358
0.7094188376753506	-22.930664315714886	-3.228283962119229	-12.920220608710501	6.171580137000804	9.27586989875422	-21.52617918651737	9.335927174843652
0.7114228456913827	-16.398296361828148	-1.1483198636568828	-16.04198193022266	11.65634999912678	14.164809098802326	-15.332541157069889	4.050791815141035
0.7134268537074148	-2.475053046581781	1.803031700186775	-17.71933956950263	14.216378411870735	18.09826110823029	-8.493759771942456	3.9599887209555766
0.7154308617234468	4.498617696585731	5.004871506051621	-16.33355772588343	13.194513546428992	15.768421295859811	-4.373354149486033	8.617774553809168
0.7174348697394789	0.24195385917052553	8.746198354656284	-13.239119525646087	11.403545341987162	5.946562126524835	-5.104872870692262	12.684138044259855
0.719438877755511	-6.8956098282863625	11.862172376813563	-10.561124006252847	10.042882012569176	-3.7630864391364476	-10.328450218645463	12.213759864627438
0.721442885771543	-7.215999941776879	10.59025648415537	-7.152817513636924	8.039363841068704	-5.676311230366794	-14.995427589789102	9.741389200151518
0.7234468937875751	-0.07297206077712018	3.221535984256991	-0.44303412330272196	4.786774966358925	-2.627601490410303	-13.568917898719723	8.75203871839913
0.7254509018036072	7.453624523828994	-5.9986414554223595	8.73452597106391	1.4670242417487775	-3.4229507475809964	-5.144502152340229	7.359468899191339
0.7274549098196392	9.712801265158593	-11.0368403428404	15.147156270122645	-1.8093845876817929	-10.03145956862951	6.787118696981588	2.196265133996545
0.7294589178356713	7.26053837363404	-10.607151876249068	14.796431406848145	-6.642785258370763	-16.720767094986357	16.517844681762103	-6.0416297254665805
0.7314629258517034	4.669207796565656	-7.556107795727802	10.527666477644228	-11.306312776958572	-20.18624962636141	19.791900865320496	-13.400117927222523
0.7334669338677354	6.221088514671912	-3.846169485616085	9.388613683809156	-11.469799544077443	-22.570234208614423	17.170650659589537	-16.052767698462088
0.7354709418837675	12.221232420464322	-0.2385211837417237	15.053451229615842	-8.13765628206674	-25.77825410808498	12.220358857327605	-12.927678989352215
0.7374749498997996	17.766228528251368	1.5169594253659722	24.625736756661244	-7.105718491863218	-27.172809725274742	8.427580744136595	-7.025703320202449
0.7394789579158316	17.246158842304247	0.9363008657635231	31.433226935229143	-10.100053146610232	-21.468404496515443	7.939371710328496	-3.4194099448834536
0.7414829659318637	11.349339356566096	0.6459274104606222	28.787983715346797	-12.806477292640368	-8.13999955485947	9.446210874267106	-4.058986832607842
0.7434869739478958	6.43874772175514	2.1143991683596624	15.122739740889388	-9.961617987622382	5.196949072046287	9.184387128036933	-6.067403752026762
0.7454909819639278	6.708832172007481	3.2305755020466203	-2.3365994325542925	-0.07845971014644365	10.289323818856635	6.200142348546169	-6.383354789475706
0.7474949899799599	8.710035573216683	2.610343610386832	-13.832855275061007	11.434353495767262	7.313971670566568	3.880151704241673	-4.222155907575554
0.749498997995992	4.36682743317591	2.6469758918776654	-16.953029869009264	16.03654215109219	2.5155831778644497	4.829344146707893	0.6263801637060501
0.751503006012024	-8.45467119548251	6.326204199858544	-16.256232537078773	12.822951421150613	-0.9147722729384995	5.230086972823228	6.888943576671777
0.7535070140280561	-20.34009678988856	12.727435443078049	-15.48384491171688	10.24477846922948	-3.6927495314967738	-1.2308437583885108	10.81175750757417
0.7555110220440882	-21.375026407470077	17.67497201023929	-15.096769139501204	13.951399559889998	-5.447402754420425	-13.414254242314007	9.396433352157564
0.7575150300601202	-14.824160022373025	18.630965846211286	-15.16959385644082	18.984789339142832	-4.25351680512531	-23.11355138951063	3.5419475860896386
0.7595190380761523	-11.589617998433244	17.34723792718471	-15.644223753693579	16.984708525009584	1.1090248837343797	-24.658997178678465	-2.0212543763406257
0.7615230460921844	-14.349446526342094	17.013999477617066	-14.515584455304683	6.932754767305964	9.161328683731751	-19.490871357249507	-1.6889515738813299
0.7635270541082164	-14.962602653529439	17.926109066744562	-9.823198914085621	-3.354344459421924	15.28991956425835	-12.825170168335495	5.308352830620037
0.7655310621242485	-7.092851799431253	16.73307768010397	-2.807483712827665	-5.025427722952928	16.22864389582376	-8.421963150333942	12.979458560509089
0.7675350701402806	4.507181682086763	9.901540784817303	4.56323075001932	1.9551801460926617	14.485260164438971	-6.382760884663815	15.298997303230808
0.7695390781563125	10.232983036877576	-0.818457692571772	11.024505023104755	7.7538825374103375	13.516862064344979	-5.384315729095363	11.755765246716
0.7715430861723446	6.89639164964839	-8.539843663847593	12.894537322880476	3.9860618201715123	11.482426161103136	-5.061096586062979	5.222484927072508
0.7735470941883766	-0.8253918469148863	-9.585909933732337	7.322782231988576	-6.959997664947174	6.614614406411643	-4.42658430476971	-0.9508388876564903
0.7755511022044087	-6.821163198319977	-7.350323956332088	-1.4524463186648868	-16.492921453672775	2.7814821085884134	-2.086797807545071	-4.1452604399913175
0.7775551102204408	-7.408678312598511	-6.25332691043248	-4.803605948851357	-18.93805609107115	1.8471260569427699	0.07971096725414241	-4.039010415105742
0.7795591182364728	-1.761763962034653	-7.660700283597174	1.4994050293285157	-14.042479095188542	-1.354800244752676	-0.10294528063283842	-2.433053853715104
0.7815631262525049	6.198154982475376	-12.56283027633764	11.599992394923802	-5.893102198419452	-8.81270774625577	0.3955247190817288	-1.8105565043142942
0.783567134268537	9.385116779888692	-20.609331052388118	14.733492252722494	-1.23873001434108	-13.636297830844759	5.3572753209186	-4.0468053431850946
0.785571142284569	5.032379747589832	-26.176358660702007	8.135101156466648	-4.001291380733449	-10.83238521587299	13.448206757506913	-8.896311014618112
0.7875751503006011	-2.4505223129623115	-23.961217138124983	0.6566149086135444	-9.751918720360077	-4.327507225867832	20.05951559896462	-14.276723114125348
0.7895791583166332	-6.03762891917477	-16.177152220719666	1.5521074117752296	-9.16111177887909	-0.025141420080892374	20.705157370815964	-17.494485153141415
0.7915831663326652	-2.082507902807512	-9.0252575477366	9.802850499576012	1.1187817036114163	-0.15745661012438653	14.118669555710364	-15.797155672851273
0.7935871743486973	5.749702930237694	-6.061997587602851	16.95180046204186	12.905345357608152	-4.126412049350247	4.4373729818928105	-8.487564605512867
0.7955911823647294	9.597581119854025	-5.198805235839335	16.380725591971526	15.081827282508447	-8.716142661834137	-2.018994781034793	0.6881816415274119
0.7975951903807614	6.077817190958468	-1.0604708636111626	6.9288556089290765	7.169516225672957	-9.16983914632291	-2.729247816430003	5.706366772398747
0.7995991983967935	-1.260544419150289	7.79209308347055	-7.460042044463917	-0.7929424268095284	-3.141393207939508	-0.7340014934848288	4.279836296344592
0.8016032064128256	-8.173025243044462	16.537622570378204	-19.69778102640982	-2.277985418545919	6.118812889886826	-1.1236634663828147	0.6139058580853951
0.8036072144288576	-13.262337326469794	20.171230186917004	-25.828267197766316	-0.889926539590917	12.718453039507219	-6.284946099965821	0.7448540782881873
0.8056112224448897	-15.55583686679667	18.596728319857302	-28.007481554713614	-1.3181419931852352	14.539246499437754	-13.462575154614292	5.029043020301685
0.8076152304609218	-14.136856338403494	15.107745931238203	-28.5185099870938	-2.0370615214256205	12.847663921959425	-17.473512000907053	8.380201556927101
0.8096192384769538	-10.826186184053402	12.551179950907741	-25.968723800470485	-0.3827064506651522	9.491958163969908	-15.707072004178064	8.724126324288976
0.8116232464929859	-9.665892360772649	11.464431885287022	-18.87149097581377	2.3399945375260685	7.3469533619056	-9.72353417965401	8.682910059784577
0.813627254509018	-12.72785537345251	10.150616528934957	-8.827008964409266	4.2426311916367005	7.9140049176236325	-4.253743548848213	9.297728905368006
0.81563126252505	-17.578925419891792	7.184957060354217	-0.22421515300430728	5.465199470520172	9.242624361875224	-3.664849403033395	9.383016798501128
0.8176352705410821	-19.116407957840668	3.593490108349182	3.495265439643047	5.721553115459217	8.66770644857686	-6.85631573378169	8.916814245977855
0.8196392785571142	-14.614257978930173	1.3636661828771155	4.030603253815803	2.7568328350177858	5.399187956777114	-8.774123742470344	8.393314752611007
0.8216432865731462	-6.917861148573568	1.3755093744839977	5.360733034669915	-4.599708840781002	0.7590453345954469	-7.442447340316752	6.4008409204216905
0.8236472945891783	-0.9738355109203701	2.065577221513207	7.8130341287844605	-12.38249938671883	-3.0209373691763037	-4.30831580516478	-0.059977471352989364
0.8256513026052104	1.7066988563536087	-0.20853658142106746	9.712481588169641	-15.625182689936866	-5.04258029230623	-0.29477933238202747	-10.872254359464899
0.8276553106212424	3.1963517355474487	-7.284131224439644	11.518095860568758	-15.106810193611548	-6.6212192697692505	4.071318805920956	-19.35397800616703
0.8296593186372745	4.905566751413886	-16.499210161208218	13.380194217786874	-14.51118394340273	-8.831541619244993	9.032219277962744	-18.89631312171964
0.8316633266533066	5.718793085676113	-22.882073598620877	13.017077166985745	-15.295279075353132	-11.009727886838832	14.801257552538717	-11.9867117566076
0.8336673346693386	5.413890286736761	-23.269215753803618	9.928640970498332	-17.055562438452053	-13.144951122933895	18.849517291412706	-7.083821183077258
0.8356713426853707	6.294124934420513	-17.68598861220835	7.794666410076001	-18.685083705833602	-15.802475497981247	19.436419925952155	-7.98711153762306
0.8376753507014028	8.743358818605925	-8.51785179254552	9.853840120632507	-18.097054250210338	-17.646584095539588	18.042673756861472	-11.0055087903339
0.8396793587174348	10.507537211180532	0.32808611206786764	13.860719509552334	-13.019178397323076	-17.71226835919206	15.26354201586999	-12.045964747474317
0.8416833667334669	11.496927847392659	5.94224131669907	13.817295123356987	-3.366918499046294	-17.101129046251128	10.856049969042411	-10.92361089064037
0.843687374749499	12.52090836405748	8.15170393309497	6.8690437634965456	7.371252829371704	-15.40283081557201	6.612685782134053	-8.180412809662927
0.845691382765531	11.660533999553314	8.481560715100603	-2.450430834367939	13.892211667068201	-10.266663300066416	3.637303978217782	-3.134162985522741
0.8476953907815631	7.751323006392898	8.775007186967153	-6.3035031886869	13.477543975840176	-1.3031900329427142	0.4382540160765295	4.283088815240743
0.8496993987975952	2.687096117631544	8.691761147151533	-3.115424343024756	8.339659907400648	7.981367730212773	-3.63152709346973	11.433325512996367
0.8517034068136272	-2.036863705714767	5.351930516305248	-0.7729013650236942	2.564702584551716	12.304056770451298	-7.325026496555621	13.485740838814268
0.8537074148296593	-6.291610685687395	-1.3802349835963286	-6.490324855319464	-0.9552273611458892	10.141693518522873	-9.438631604364582	9.103432432912046
0.8557114228456913	-10.113025493617391	-6.492617105296159	-16.798091679945852	-0.5692251656020011	6.125713458066738	-8.799225544573778	3.4254686388409796
0.8577154308617234	-13.552926280635614	-4.741579716041207	-23.052172351203453	3.244638450912849	6.278197029447785	-5.038989819374043	1.405617775210748
0.8597194388777555	-14.96739269046859	4.18424078516419	-22.07250760690735	7.718837349512471	11.977844734769869	-1.0365916647298792	3.535707556590286
0.8617234468937875	-11.476651906609394	15.135811644660528	-16.67896055510184	10.874908639712817	18.151728755265964	-1.3328464308203425	9.603445038216494
0.8637274549098196	-3.2721793195104247	21.81801212342531	-11.209011301015828	13.199772908921537	17.659656941531924	-6.4726652160092835	18.849710649310435
0.8657314629258517	6.089816122805102	20.74988592180497	-8.793358134169742	14.968948126677757	8.807264091574554	-11.452686453085418	26.441883109853805
0.8677354709418837	13.386674858301586	10.584726383105362	-8.891560022430822	13.59951751083712	-2.7047041187404925	-11.437516346963136	26.21995396931281
0.8697394789579158	16.948904111396367	-6.583806304884187	-7.734926201877029	6.3661899757333895	-9.770179264363112	-7.416501996666824	17.353527215940005
0.8717434869739479	16.711198147687167	-20.867303473585576	-3.4396822305788533	-3.9269629178647367	-9.849331127211292	-3.980603232969434	5.347086445259209
0.8737474949899798	14.490101838418521	-20.544738289436975	1.6343515514365679	-9.706460670323636	-4.653416018582195	-2.0304993230031747	-3.530904149802636
0.8757515030060119	12.182168636101775	-6.77439612198386	5.050395467558186	-6.547139402457789	2.902723861750564	1.7593948130471593	-6.741745246755268
0.877755511022044	10.306411493296249	5.195721433758126	7.289365429448546	1.9436929543579191	8.588286150675398	7.81307834042263	-6.0437886729553485
0.879759519038076	9.172592308842509	3.10080099497645	9.373719511488028	7.5636665838842045	7.283173070665223	11.869723284912626	-6.406334799071767
0.8817635270541081	10.275241400624664	-9.48850586678059	11.466306004706315	5.464702532041041	-1.1763306698742095	11.099092100712591	-10.466178930759046
0.8837675350701402	15.369730252589079	-20.1368222847191	13.962244256619984	-1.5691820804855434	-9.831567683172594	7.959819732029207	-13.201169642712626
0.8857715430861722	22.980060156266273	-21.94977126463431	16.480126854132607	-6.663957406594035	-12.957043907577974	7.261640575553248	-8.809163444283923
0.8877755511022043	27.107818423222447	-17.445308777289984	16.834590283759397	-6.788299120754871	-12.345494296181819	10.599928504197118	-0.39205587625152816
0.8897795591182364	23.24183165378853	-12.663916274182503	13.183637786951026	-5.589833014054557	-12.541103001023599	14.597413152318733	3.673719654049564
0.8917835671342684	14.038699915519933	-10.787293390811248	6.22437033411032	-5.920261330176858	-14.30548833241145	14.873295776369696	-0.2814747738101767
0.8937875751503005	4.933994675941374	-10.468806284669219	-0.8831386044613476	-5.510997349486347	-14.580206377959852	10.40339365055856	-8.262047314954025
0.8957915831663326	-1.9007232630491746	-9.308107586933607	-3.8915436015983893	-3.361499052999111	-10.862044642244747	4.0177350549268045	-14.709052145836761
0.8977955911823646	-6.499646047474355	-6.663495708072847	-1.287692376502964	-2.3918591478553477	-4.703128550857052	-0.8276554868088276	-18.117973281046268
0.8997995991983967	-9.072679137495603	-2.1085557715650465	2.7176229979607527	-3.7696370371727728	-0.15343466659457583	-3.631614612930648	-17.8260302074996
0.9018036072144288	-10.167040092247465	4.5179794111327825	3.2567622069575037	-4.378890500094148	1.1042664466106684	-5.668642490828477	-11.460065708508507
0.9038076152304608	-10.962178950399977	10.417891613817439	0.5369941752382219	-0.20605175340036314	1.0407177081845012	-7.638031454553721	0.12791650972912674
0.9058116232464929	-12.81091487327293	12.305500912862254	-2.6554776702391303	9.716884941744304	2.601951067175796	-10.430447768890415	11.281624414460193
0.907815631262525	-14.521658465073452	10.897307932224914	-4.808385879865282	20.942285509864988	7.165665272134341	-14.302401195234557	16.618280378698216
0.909819639278557	-12.715008305986633	8.990098127458378	-6.58542400112902	25.877351151216754	13.925004476401314	-17.76416745227536	15.096973190968031
0.9118236472945891	-8.4965128616774	7.355056572564943	-9.654922291053175	20.980110215349665	20.580239120335897	-19.693244216106695	10.130230760046532
0.9138276553106212	-8.446641743345683	4.591131176863089	-13.728632958533552	10.391271839662322	23.412776090183375	-19.950623614791112	6.205381142420571
0.9158316633266532	-15.208115146097146	0.23216779843761773	-15.8223571085701	1.4180567911615733	19.8600427312816	-17.68272369545973	5.100436950197143
0.9178356713426853	-23.13636451343091	-2.776854268193417	-13.170818721249127	-1.7487540601371292	12.447456316402013	-11.755569329955682	4.859129187603149
0.9198396793587174	-25.580490141707475	-0.6044581613082524	-6.250509426401491	0.6265380549451842	7.089558151393742	-4.085421147658728	1.201991286553917
0.9218436873747494	-21.522382259286374	6.11477901550507	1.7231884404069733	5.60088960403523	7.399376487115312	-0.23235882096910176	-7.55226329237063
0.9238476953907815	-14.465076445710887	11.3652254958919	7.6312074578339235	7.94764915044907	10.77646463064926	-2.231009214385629	-15.934792138326296
0.9258517034068136	-7.054175117429304	9.58860365797893	10.210141253199504	1.930290146624795	11.395837198279134	-3.8734754254070487	-16.082950389155428
0.9278557114228456	1.492245768243114	1.740931023892915	10.59733586851222	-11.788242316716532	7.383019119086294	1.0446774038264306	-6.814345632132173
0.9298597194388777	11.498680670394444	-6.457906112784701	10.451071273319323	-23.005608748557282	1.0735672386082697	9.650473105262405	5.30146693830438
0.9318637274549098	19.332520639853225	-11.470216953653992	9.741383384771876	-23.017776098426676	-5.070341680934967	15.04839586523391	12.42129960640406
0.9338677354709418	20.60318866937481	-13.605108447103543	8.287919063202082	-16.480587630925378	-8.131564256924408	16.07999521454583	10.963961938035727
0.9358717434869739	16.17460108826082	-12.15198381338983	6.967326028512385	-14.678094593005493	-6.309182844139416	15.270672211831064	2.1334330827455377
0.937875751503006	12.596201004948625	-5.699423407752646	6.915997281039916	-20.127270406988682	-3.786199831122806	12.650298023124217	-9.100271312830456
0.939879759519038	14.586877825209319	1.0502352410730724	8.979519859531099	-24.088285606883847	-6.045430057040683	7.717521277668249	-15.980888023078842
0.9418837675350701	18.613703853069033	0.3713338487110097	12.566639779609938	-18.413774427952713	-11.169382861590348	2.83492544325892	-15.530430981556885
0.9438877755511021	16.876090488276983	-6.581828287632459	15.229142931834561	-5.512260919844367	-12.631518955390892	1.0557843957531845	-10.524475844889265
0.9458917835671342	6.951750744705228	-10.621543243121119	14.086257845918071	6.531568388361441	-7.010420110661157	2.2713279100348314	-4.252082837073568
0.9478957915831663	-5.094488644235762	-7.0459264755075255	8.496344080608647	14.273487226502303	2.5298601650290937	4.2862603752037	1.629976783597276
0.9498997995991983	-11.804324582070011	0.8601953782854864	1.2435207211591714	19.338583588787756	8.486594374986671	6.198723207771787	4.98923952452932
0.9519038076152304	-12.814430291923118	8.651331121405084	-5.0863359071528516	23.537981245658052	6.926077250793911	7.452571170067147	5.3905201275529935
0.9539078156312625	-12.506748001486637	14.429003332684221	-10.511574519254081	26.83051509427288	1.2022151953861115	6.563899323319598	6.059433407629663
0.9559118236472945	-12.029979893001158	17.918063341524775	-14.665067548787164	27.49396865280618	-3.36266321251224	3.0743320424898877	9.22630015258324
0.9579158316633266	-11.016305337890243	19.262057828040067	-16.457658927275084	24.511718284888012	-4.884586653466888	-1.5886850300313333	12.441732411605303
0.9599198396793587	-11.774540428135653	17.79208292444559	-16.611972756019853	19.249490734239256	-4.236471935653869	-5.1977944180144995	12.932739852008513
0.9619238476953907	-14.29633112877779	13.125310887504927	-16.19885494124376	12.866087142935497	-2.2367105888171306	-6.547888448266111	12.756177279869004
0.9639278557114228	-14.157207118066697	8.077255255057342	-15.663428732121362	5.179509478931003	0.1804648575168688	-7.09125719679332	14.965276310814547
0.9659318637274549	-9.692109249021275	7.253636386865563	-16.352867700368378	-2.3141005113877355	1.6681867163423822	-8.684697223671405	17.27638413568775
0.9679358717434869	-4.51839637889066	11.135921132025318	-17.5439021864334	-6.994214503230948	2.4647413340310314	-10.505700783696588	14.917286704145967
0.969939879759519	-2.0880979050071353	14.34455743600797	-14.009865344418769	-8.103840791066313	4.54123277387532	-11.08868434410413	8.451922344404476
0.9719438877755511	-1.6112529098935333	11.838170053502006	-2.811626762195486	-6.525921456063873	8.290528669240663	-10.857758644077881	3.81720096966403
0.9739478957915831	1.1772400091249118	4.571622757269362	10.486048809517612	-4.441341909112005	10.921237141584182	-10.698271772228907	3.9158999132974066
0.9759519038076151	8.316586786017517	-2.593432932672717	17.37761739508781	-3.842161903681612	9.850600920812825	-10.196074274518322	4.999034480247162
0.9779559118236472	15.030817352647604	-6.616047953061707	15.895219554614103	-4.464364094140558	5.4343501412741535	-7.657860065168277	1.8678925160352078
0.9799599198396792	14.716871497886526	-8.136837852010332	11.4119650025567	-5.230859972392954	0.4777407311554924	-1.4290311419462873	-7.254216858499901
0.9819639278557113	6.945933188614822	-9.414616026535057	9.50988041297857	-5.827605670121656	-1.549937623305111	7.5772245795235	-18.710103399634015
0.9839679358717434	-1.7407535368382359	-12.318494072603157	10.393094637353345	-7.181165776833081	-1.2309058943521647	15.127537643057353	-25.35597988388346
0.9859719438877754	-3.4267271450463124	-16.355206589562115	10.857641012923931	-10.6645836530943	-4.2564847467108295	17.063250089337327	-23.928296765249566
0.9879759519038075	3.641104574075543	-18.56965958318978	9.5670920626296	-15.629454051313859	-13.678835328748809	13.636805946278148	-18.261224735844547
0.9899799599198396	12.366200369901307	-16.824681468301254	7.341438237933341	-19.304056626873443	-24.4903773463623	9.659433119784996	-13.241987657385009
0.9919839679358716	13.679381774612791	-11.348087141541034	4.1508582617861975	-19.643887422996887	-28.545098509799104	9.256423206903913	-8.72710050145432
0.9939879759519037	6.309280665960591	-3.4857081373899375	-0.7331834713423311	-16.141917780061995	-22.821514600966093	11.242188450202493	-1.9074564521203523
0.9959919839679358	-2.6991028579003107	5.302376598173148	-6.195657799396361	-7.91481019551563	-11.285855065907894	11.130031204284537	5.596162819176686
0.9979959919839678	-7.520330260238865	13.365799225574618	-9.223578239445315	4.42348554563651	0.007528436400978222	6.8314755021037605	7.571327553515585
1.0	-9.841086360459107	17.515282877550376	-8.002806035812112	15.873285067682557	8.102877980634023	0.7430479383271752	1.9221539437559243
