Date: 	2025-07-01-
Time: 	1104-28

Picoscope code: 	1111111000000000000000000000000000000000

Max potential (current channel) [V]: 	20
Max stack potential [V]: 	20
Max cell potential [V]: 	20

Cell numbers: 	1,2,3,4,5,6,7,8,9,10
Area [cm2]: 	195
Temperature [degC]: 	50
Pressure [bar]: 	0
DC current [A]: 	1
AC current [in pct of DC current]: 	0.4
Shunt: 	200mA/200mV

Run without potentiostat [Y/N]: 	N
Frequencies selected: 	[10000.0, 5000.0, 2000.0, 1000.0, 500.0, 200.0, 100.0, 50.0, 20.0, 10.0, 5.0, 2.0, 1.0]

Time	Current (as voltage)	Voltage1	Voltage2	Voltage3	Current (as voltage)	Voltage5	Voltage6
s	mV	mV	mV	mV	mV	mV	mV

0.0	-0.07601881525075659	0.2588748843674368	-0.02619567282287509	0.3953220106283023	0.8757572973143578	-0.16539228723474098	0.3673437026305664
0.008021390374331552	-0.29247534770824046	1.6519301140725235	-0.3597748362210676	2.148725130541148	4.625298484731125	-1.0553997951018244	1.7662446502525042
0.016042780748663103	-1.1465183825365326	5.002943953416941	-1.715874121215596	5.152431500343626	10.320078515544392	-3.651111290080313	3.908977894619397
0.024064171122994655	-4.511993326250403	9.629629051761437	-5.02650222779716	7.403798398398457	12.210943227091779	-8.599553318720183	5.98754627617659
0.03208556149732621	-11.339371598908954	13.234274840811823	-10.585090149856976	7.4948125909689125	6.9359503700663065	-14.651241024255164	7.655993444490794
0.04010695187165776	-18.26715015364743	13.40319586575972	-16.5885117004125	6.693043838747938	-0.8853097561380587	-19.131222956037607	8.001079288113797
0.04812834224598931	-19.43421425693183	8.836264814286217	-19.48209878932064	7.631261866247478	-4.1173492038434505	-19.71462954654375	6.5851267893160506
0.05614973262032086	-11.507265650127497	0.718027273124669	-16.280277805649117	10.335759549653233	-1.1556532411634408	-14.223452501057759	4.618073919159467
0.06417112299465241	1.2764072042054289	-6.701005169252928	-6.331296082615453	11.596263119233091	3.989931761594954	-2.2267267108659214	3.226601583534712
0.07219251336898397	8.533329526147257	-9.878407276184905	7.168490509011545	10.2065407829095	6.449524947889058	10.961681425617547	2.6522108766819392
0.08021390374331552	6.0535805519231465	-9.799945331609722	17.589563077796523	7.179141350050195	4.03752086942567	16.92947788481046	1.3139095005994073
0.08823529411764706	1.5350383515478598	-10.728683019053367	19.89884068298005	0.9715500377998492	-1.0347431727148053	14.22189141081204	-3.8391841339862025
0.09625668449197862	3.206898154473953	-15.901406096662008	15.82621171398606	-9.463598822257996	-5.946066286400869	10.516748298323275	-12.400618129634434
0.10427807486631017	9.925750671563197	-22.761002371324224	11.501656994570112	-19.196705821715767	-11.767559991030993	11.906994674895932	-19.390906234222648
0.11229946524064172	15.698585387768077	-24.82412945311357	10.408632348547258	-22.374384269095053	-18.812712225081516	16.523106167386366	-21.18117930131624
0.12032085561497327	19.14076264651257	-20.233756601759538	11.585044307329866	-20.070562009849397	-22.168804697673334	20.289282300674415	-18.595188259092648
0.12834224598930483	23.263495605391434	-13.816438898570228	12.887779370937075	-17.130560946846337	-18.364774408058604	22.33568669072991	-14.464392687440911
0.13636363636363638	27.06669305726492	-10.687406806287031	13.66441002348688	-15.499665764296134	-11.881750174042576	22.818442841524593	-10.360917658675106
0.14438502673796794	25.59863337950779	-10.690142988967134	14.41441857769262	-15.093367218827163	-9.194553419642165	20.754445277684333	-5.934108595140315
0.1524064171122995	18.713481875358156	-9.604052785166141	13.973490191000508	-15.005336311287298	-10.46437710165782	16.331071098339187	-1.4217299871221065
0.16042780748663105	12.003742927328432	-5.114744557973289	10.008448605631415	-11.654004578344711	-10.830920109919989	11.437625301985403	1.3532104885053597
0.16844919786096257	9.199356362082062	1.6256002730807495	2.7374668773484645	-3.2221131622204684	-6.5498726310526685	6.9975618928492045	0.5992757514581495
0.17647058823529413	8.080313108085383	9.372328728558177	-5.35493113497157	4.230427990479322	0.5023474451458756	2.4747812564140017	-3.8808546607364103
0.18449197860962568	3.187794584837033	17.177500917893916	-11.080231217939705	3.534711722296681	4.728375361974781	-2.531675967506595	-8.211744613231808
0.19251336898395724	-8.270293115919314	23.234998449430183	-11.038866742176852	-1.9993217534992413	4.63517490286733	-7.645834565538574	-5.941918991720876
0.2005347593582888	-22.900729349266225	26.598925095802947	-6.335195886370809	-1.4809378519183674	3.90048801333954	-11.56698867760484	3.7385163289256016
0.20855614973262035	-34.650560349628094	27.99767053574445	-4.612123187902188	9.34660971847111	4.867915102383888	-13.436141814698995	15.258259936670733
0.2165775401069519	-39.3545283390735	27.76731955696804	-11.603723657946631	21.548686013550935	7.40969551445953	-15.168273491072288	25.234407702260928
0.22459893048128343	-34.75482487076149	25.131933291320767	-23.998901863464493	22.088315146030162	11.264605992130724	-18.990222488043575	33.10220531939834
0.232620320855615	-21.816724592151463	20.083006574523388	-32.818494572926134	8.56263244894636	15.177259816957251	-22.550930295141075	35.421732228104595
0.24064171122994654	-7.660244561673833	14.529083090400748	-31.01376370222562	-7.209281304118015	17.00247599974843	-21.376616036409562	28.0199701031238
0.2486631016042781	-2.1525653393337865	10.698879173237394	-19.48673795111709	-12.031514187167971	15.882825327039638	-15.60286137712418	13.501128304083668
0.25668449197860965	-8.06205542960912	8.77261826370375	-6.79401262905201	-5.060552377744912	13.660028278116782	-9.099555392357022	0.7446606005882697
0.2647058823529412	-16.91425361230555	7.373983307148336	-0.6044770851787157	4.033346980977427	13.35764843910985	-4.12225035311027	-4.329649961597979
0.27272727272727276	-17.634319554614343	5.548201741308922	0.31896010103392325	7.447777914115598	14.71919164078548	-0.6931911385107743	-2.6618493219779684
0.2807486631016043	-7.263033032813319	2.7030812693720847	2.9631604361807033	5.5049929002876805	13.87874299671542	1.7161008887604128	1.742648744133095
0.2887700534759359	7.611769328706526	-2.0527178032819986	9.50368700019102	1.5130641444529953	8.86153327093801	3.197618727290577	3.97234110158047
0.2967914438502674	17.59415692037068	-9.90479337385356	16.002802919987822	-3.3995201252578653	2.012439024790669	3.661519167199414	-0.4764870134706498
0.304812834224599	18.755115634932274	-20.552425126051887	20.40701621231826	-8.583173741483192	-4.150546912930869	3.743186159715201	-12.55877317844245
0.3128342245989305	14.616069294326461	-29.837784997231523	24.34267226690902	-12.737660175618005	-9.945434767569893	3.5194281167388426	-28.493641171475918
0.3208556149732621	9.98731145608753	-32.6327342840916	28.27534418858825	-14.895847110616979	-16.1967907736816	2.518093520098882	-40.6537445795748
0.3288770053475936	6.821719218491572	-28.44725258854932	29.924011020503585	-13.324272226120996	-22.11303699910547	2.0460449319068528	-40.67308028617266
0.33689839572192515	6.0719528418448725	-21.846937041347545	27.818500497831486	-6.508250729331701	-24.95274138055171	3.918082529122572	-26.966888675380673
0.34491978609625673	8.245710864829512	-17.322420302203724	22.995201556582703	2.4680401467591704	-21.618634237344008	7.320271077596986	-8.40203020040083
0.35294117647058826	12.742853362972864	-14.3298362111667	15.817899670790126	7.000248616234751	-13.08434122316606	9.303034492432934	3.927930152599751
0.36096256684491984	17.671040325503284	-8.887843400133479	6.01939886185589	5.053988753948403	-4.6432246322566435	7.3712149859302345	6.707621551072346
0.36898395721925137	20.352159488021627	-0.2672588696876942	-3.1714911103122683	1.6009576794717884	-0.050497378770844425	0.8964424821874643	3.8711580963433105
0.37700534759358295	20.28553426463406	6.768525439864551	-7.666116882109772	1.5534217215013655	2.1435117653605626	-8.74142671160902	0.09259247749063107
0.3850267379679145	18.241587108435517	7.50317868299204	-9.398177265308046	5.7341490580483985	5.415994180580171	-18.374124363871317	-1.5730743281993547
0.393048128342246	12.437486238547228	3.780761293051704	-14.379185503133138	12.91175942520994	9.566587497620414	-23.763236463702416	0.7119025129378038
0.4010695187165776	1.3356082064978918	3.135330313880358	-23.898865370725044	19.945503900280556	11.122119658792121	-22.805805458164425	6.2894699048389215
0.4090909090909091	-11.776609702229875	10.55746039334519	-31.956711894551002	22.227190052120527	9.626399199012365	-18.736156319765303	12.135907993302569
0.4171122994652407	-21.081935295923014	22.26531285809598	-31.822577735478273	18.29382224430088	8.488194409583292	-16.375414262178996	15.238651157697818
0.4251336898395722	-23.554300832360617	28.272949917103112	-23.320586966396863	12.684445594876959	9.435739764949316	-15.646488390564063	15.259959261616187
0.4331550802139038	-20.56324503462871	23.124006965871647	-13.819194271588325	11.51705048599798	11.098904863174862	-13.121456804329302	15.412782191424085
0.44117647058823534	-16.274587983918895	13.000486509609225	-10.627308459645713	14.716633298876983	11.802583374568867	-8.910861858792565	17.243283633792522
0.44919786096256686	-14.412202705221976	6.695594089926551	-12.2803065871588	15.451249970783621	11.123838558587604	-7.271462032327309	17.072295026808312
0.45721925133689845	-14.266248411685007	4.437546497359406	-11.432268081178544	8.25807211461555	9.150931993380329	-8.843587064276921	12.671490401077893
0.46524064171123	-11.589667864755436	2.195116898933616	-4.843102331642322	-4.344951123128222	5.34007650368901	-7.967272238725262	7.190314667674882
0.47326203208556156	-5.136938469296776	-0.6101681032409444	4.257707132684636	-13.60715878609951	-0.18531524555733053	-1.4815626831870887	2.76881968079985
0.4812834224598931	0.563911465791135	-2.351145100443994	11.089801591675217	-13.8705821143925	-5.654682754679422	7.091152670686415	-2.3622132523572437
0.48930481283422467	1.7586031770907509	-1.9209622129772956	13.37449710858273	-8.596253044527558	-8.322015927486015	14.366515349130895	-7.921310619672856
0.4973262032085562	1.52021842479957	0.48754727195919945	13.470883065779427	-4.568498297063211	-6.1532990881897724	20.64800881603515	-9.87588755610077
0.5053475935828877	5.0302360138237	1.6643035495461551	15.994324477272562	-5.3658939317485	-1.2093397716867824	26.382213017341833	-7.362887433073074
0.5133689839572193	12.825933681134048	-2.7258725602311014	20.150313705128426	-10.905756624768028	1.3496705715591406	29.99727165931818	-5.562534772298151
0.5213903743315509	21.047969681803025	-12.133584312625038	19.77032076190801	-17.317011906618056	-1.110597407997934	29.196461779315538	-8.803539730472092
0.5294117647058824	24.242948241288346	-20.49514508954357	12.932101638111135	-18.0532662335512	-6.9719575846450095	23.311756173956745	-14.02680809725622
0.5374331550802139	19.564620103539433	-23.219330158085427	4.124835043966725	-10.135340115106363	-12.052792153529156	15.72302320793242	-14.7989517411424
0.5454545454545455	9.464095444717241	-20.68834642075243	-2.300647082976856	-0.28293076277270923	-11.712652435577484	11.64618360345286	-10.48888969399654
0.5534759358288771	-2.2333374798125276	-13.484912007705852	-4.690457726605973	2.450423502337519	-5.439101057397192	11.631493994430759	-6.1231719347598235
0.5614973262032086	-13.068166723379356	-1.212728678472125	-2.601542776456598	-0.47455673469086607	0.8306908757596997	11.170537675561722	-3.172521470377067
0.5695187165775402	-20.132486633706172	11.720885197477054	2.1465216454796545	-1.4735587899984361	0.6984272226640198	7.405595508140109	2.6022352754532085
0.5775401069518717	-20.529242309364356	17.219689966081454	5.141486268666227	2.025040460943447	-5.947409562173291	3.084907895884227	12.10116255118914
0.5855614973262032	-14.73841673412571	13.622859359645917	2.898722131276471	8.625988857609551	-13.200784032266414	2.676487092670991	19.384562716522172
0.5935828877005348	-8.163075304191512	8.577938007799055	-5.783554268969463	16.683180283718304	-13.689991505624393	5.717897404705277	20.444845086422823
0.6016042780748664	-6.206172717816224	8.28799041039206	-19.289265706178096	22.727695001653466	-4.599945136586486	6.439390755600365	18.030768662453983
0.609625668449198	-7.4393450254647755	9.828930846932517	-31.363117052303526	21.81496292803834	8.965305912294923	-0.38667717876602603	16.06909082073563
0.6176470588235294	-5.3618221046284456	8.532087623137151	-35.58518748465472	12.887558559920521	17.842475274193216	-13.920693669770046	15.01336472168602
0.625668449197861	2.5737382933345896	6.786871630674742	-31.523015151073945	2.219119776158504	16.9108261874113	-26.33281598432264	13.400878205673596
0.6336898395721926	10.065578411107419	10.74840821215498	-22.810417330301515	-2.199013346184108	9.9973611776536	-29.29635105792187	11.565706508434861
0.6417112299465242	8.50196565633858	20.195583253085232	-12.803153149419169	0.7184415228426427	5.714337317239297	-22.003524836543196	11.239574005817419
0.6497326203208557	-1.7406123441368577	25.063738196681104	-4.401282822715619	5.756793739077757	8.663912781755233	-10.853395093225789	11.426105343275754
0.6577540106951872	-10.887083363548012	17.06570736266409	-0.6509895941875062	8.707748703454222	16.171478504268297	-2.837426857647347	9.47720419598745
0.6657754010695188	-11.683688112533583	1.0106560712767347	-1.6433707047498185	8.854703761044668	21.222887329290597	-0.4652860071625037	5.56100578065091
0.6737967914438503	-6.087827707505483	-12.702830358961258	-2.642771353062378	6.463627304412199	18.02604169022842	-1.868763173648028	0.8148446674181493
0.6818181818181819	0.4165584622589038	-19.951427942731293	1.3314675759267987	1.5390852522720575	7.059578953990869	-3.3527241085516084	-5.165289224137337
0.6898395721925135	4.730900261272662	-22.133488517730406	10.851080222177034	-6.326469713418875	-5.99217647655904	-1.8145824658696248	-12.369296123533918
0.697860962566845	6.692174397932454	-20.9829609703828	21.401874693050303	-17.75542221042821	-15.462638066097721	2.417341472788529	-20.849321696732346
0.7058823529411765	8.215906734638478	-18.365528630430006	26.67352532544014	-30.61024623319839	-18.566561468848196	7.013975233628666	-30.69761471356682
0.7139037433155081	10.685090643935885	-17.51552911662212	24.9298115208057	-38.6232026337969	-16.837369972682133	12.226107666385431	-39.15600068638469
0.7219251336898397	12.405700016550467	-20.72543241043472	19.70475000052996	-37.09454421931235	-16.534830809776416	19.34737790208756	-42.54252523144571
0.7299465240641712	11.782249468029477	-26.64948711094877	14.422720068551286	-27.99955243455235	-22.600185283959416	25.687190209511748	-39.4553067221511
0.7379679144385027	10.846013756765128	-30.09977451954617	11.124014239278537	-17.596904235806665	-30.356067764341855	25.584508076164322	-29.574070692536246
0.7459893048128343	11.019058992013504	-24.944393845131927	11.356390080443374	-11.206445753611385	-30.297062352908917	17.070430423623883	-13.937474319548576
0.7540106951871659	10.344352420607242	-11.57970663839125	13.177848639468314	-9.076451626442834	-21.420930772140974	5.586348106037852	2.147085720720354
0.7620320855614974	7.943275246436477	1.1451170156127404	11.98454193815283	-6.679507814681196	-11.19594272459167	-0.7262162932528179	10.270781242797913
0.770053475935829	4.666701819541514	6.05234238326976	7.415123089135112	-0.7338155208445015	-4.188409544460464	0.06452874394390809	6.346553457117289
0.7780748663101605	-0.10461303492655771	5.032047499931812	2.9477741711049577	7.300653540529819	2.032515968292921	2.3174150905243596	-3.7047943813892137
0.786096256684492	-7.255265810647765	4.727628308800792	-1.0195581801369427	13.814431881560031	10.708420532563423	1.770648913658692	-9.276109268169725
0.7941176470588236	-14.600703404225195	7.909818521869077	-6.074607919040121	15.952692946613885	20.042670421505658	0.0778255819174524	-4.440372439501085
0.8021390374331552	-17.304105190119476	10.848320920179837	-10.95619001121461	13.891720754671208	25.617705940982074	-1.52456046903818	9.947859456487485
0.8101604278074868	-13.670047945260766	9.75615912398004	-13.795009315177722	12.212336280172394	25.611701045185566	-6.059546706189862	26.671560465874528
0.8181818181818182	-8.124778851903395	6.26146454987405	-14.420064236093149	15.695343826447006	20.636788991287194	-15.369398540343852	33.81641864870961
0.8262032085561498	-4.975547024567927	5.166883705671106	-13.029649356465606	23.758137964674287	12.291695708414975	-25.32869662547792	25.395768605179544
0.8342245989304814	-4.139724101268982	8.941049699109367	-10.614727514375653	31.555528073717916	4.955034875692043	-29.24350466925792	9.552844546752235
0.8422459893048129	-5.19067357168872	14.733736820994347	-8.109519845394134	34.24982471426017	4.4133854717107805	-24.76150913678467	-0.9809296083785373
0.8502673796791445	-8.947422955089134	18.07419432526289	-4.852579741823955	29.434078056208005	10.727919454182143	-16.107780848762847	-2.1838818798361204
0.858288770053476	-13.67128494780253	18.6677235661101	-0.6384075706004024	18.087072739840927	17.35885149209367	-9.038373131608711	2.2622437636293173
0.8663101604278076	-14.676691231333724	18.8115591063353	2.8640201618212915	3.5316840602933013	18.82681376644617	-4.918965780743608	8.015018972166827
0.8743315508021391	-9.009486457086163	17.841011757391023	3.602155404457002	-9.548453060194959	13.78769566030948	-1.9156301285828117	11.600029469265563
0.8823529411764707	2.003874769597991	12.569275446387145	0.7619297220923071	-16.175194287497227	3.3125361418144563	-0.1768347544186385	10.242704738581745
0.8903743315508023	13.91132220033089	1.6657620580652814	-4.426899952651451	-15.649622728658958	-9.430993430476134	-0.8405829131428848	3.345150268662415
0.8983957219251337	20.251263707076458	-12.805947021261932	-8.174489077252135	-12.013597791428978	-19.235606634662656	-1.407720643738274	-6.681714390625369
0.9064171122994653	16.561280850770128	-26.127706095488705	-5.586882596708564	-8.60231058188027	-22.026816525825918	0.5268315940425211	-15.31072132170761
0.9144385026737969	6.825249795405995	-33.32861454717009	4.488762177601505	-7.663197676777978	-20.103736658458043	2.537560646939001	-18.754116600840156
0.9224598930481285	2.0472865042099078	-32.98094275232923	16.104811722686318	-11.287481042169958	-19.45894480334098	3.1987024392366696	-16.54417528774149
0.93048128342246	8.521352933291737	-28.007760047023808	20.98139848785694	-17.754405323330637	-21.59612278356401	5.431155237448276	-11.807400231309696
0.9385026737967915	19.72824634967691	-22.434718186341414	17.349041692822325	-22.531283844431236	-23.061105658522894	10.250958904950288	-9.687383441230715
0.9465240641711231	24.512692510357873	-17.444439785375373	10.96407912349577	-23.683486537200338	-19.52450056924079	13.919632109150523	-12.360832970717034
0.9545454545454547	19.70047132888616	-10.497310283464877	8.047666578351368	-21.61753553233755	-9.113591546678787	12.899219601412062	-15.851023790824595
0.9625668449197862	10.451844183909023	-0.03955716537358167	10.076600671183263	-17.21956569589964	3.623401146424397	8.507019030537696	-15.633033644004172
0.9705882352941178	2.9880516386883156	9.839493643464003	13.43017544481696	-12.619706423362075	10.530670801110771	4.798587626756036	-11.803665528757136
0.9786096256684493	-1.2164575988911657	14.41232033165745	13.108203743254299	-8.857328384814105	9.275976841271314	3.169700503881599	-6.5189387833817625
0.9866310160427808	-4.870749175771932	15.327871842234252	7.51168601987231	-5.471779580013017	4.257113982964224	2.2296234974336433	-1.073755736389814
0.9946524064171124	-9.036855871002006	16.374269710830692	-1.471005361278304	-3.988532791443294	-0.9492795894057234	1.030543470118371	3.842932981866198
1.0026737967914439	-11.825453442606804	18.241498874763227	-9.89257941198723	-3.9030982214652545	-5.024053087217494	-1.1637279412238883	7.771268044649271
1.0106951871657754	-12.034993113981438	20.668326866944987	-12.701216537244344	0.9228533095400789	-5.023483937717076	-5.561709985443813	10.065185734487734
1.018716577540107	-10.174731346994836	22.30182082000797	-8.277912575130154	12.547100985201737	1.0978970580001675	-11.883708996139847	10.576683293167743
1.0267379679144386	-7.552517213435785	20.01787237064695	-1.2522226367341842	23.80637601021792	9.353424315187318	-17.48399092596779	11.899488356585609
1.0347593582887702	-5.482852394277331	12.871705446773738	2.051576618807772	27.989418081234255	13.868232921038887	-18.62092500017545	16.470619469273664
1.0427807486631018	-3.6663733520482196	3.6148813145417122	0.031794668448175634	24.296196096900275	14.440031692352823	-13.59215498165669	21.658907956553115
1.0508021390374334	-1.2656682178577152	-3.8660156875415623	-3.783421426554103	15.27505268740353	14.52561100176551	-6.369964226551846	23.122946893480965
1.0588235294117647	-0.08798412746238025	-7.070019129100611	-5.2602614576575055	5.1877250776664905	14.274734302550398	-3.486621473163934	20.532904261037334
1.0668449197860963	-1.875225311207259	-6.211617011582099	-2.947980020431653	-2.4041384640401375	10.80672121865406	-6.474908894541696	16.554053845120933
1.0748663101604279	-3.604486090752975	-3.9435793791224203	1.1602909114471442	-5.63491216480363	3.893367523790841	-10.942116769682947	12.165338682640268
1.0828877005347595	-1.316200051912213	-3.4506503625806424	4.203004161756464	-3.280078141212673	-2.8298746954596	-10.400114299520867	6.066289923981594
1.090909090909091	4.148638221191955	-5.4432616556228375	6.328075148114865	3.314205465589179	-6.140291574044486	-0.5456529731419207	-0.8956777392499891
1.0989304812834226	9.42748611914691	-7.503402551005207	9.340999644946876	8.797661728120476	-6.090657694941138	15.732326198127703	-4.696879844494556
1.1069518716577542	13.582772122430264	-7.52611265509838	12.327311001925656	7.11581769881384	-4.444762946245856	28.96264917468888	-2.901360876238867
1.1149732620320856	17.781640058701562	-5.308275609701624	11.74517255712415	-2.1946042686373417	-2.9555244588020355	30.860498147040698	1.9305608728616221
1.1229946524064172	21.182142697097532	-1.2158707526953716	6.691268973345564	-12.115480620130704	-3.503412476353207	21.44967188258999	4.28353066502627
1.1310160427807487	20.286888037588135	2.723983046617552	2.213693358786103	-16.029299725946487	-6.664426788218984	9.479555176767738	1.1106815325007837
1.1390374331550803	12.844332639908464	3.3691563155129973	4.104070275915045	-14.4096566854496	-10.040973771083753	4.814143012846087	-5.221964878584642
1.147058823529412	1.533472125063796	0.10007978023635644	11.601247809796204	-10.995451806694192	-11.172442877848422	9.561552323178558	-10.073145285101816
1.1550802139037435	-6.324059626632734	-5.55526764004977	17.341241474091003	-6.875229350948901	-10.711763263966683	17.155168726188617	-11.52783742357947
1.163101604278075	-6.55429406319055	-10.458035460824119	13.181269949392089	-1.554876747149267	-8.915448332788552	19.15132308275744	-11.117624211879821
1.1711229946524064	-4.960225910271384	-9.822810077589601	-2.495005948188431	3.070999675391679	-3.3653546430240096	12.931528693232442	-10.477216997162465
1.179144385026738	-9.2245272805183	-2.873969023155377	-22.041324444015203	4.465321221429976	4.965170055993957	2.8628171774109483	-8.500143445241822
1.1871657754010696	-17.49708164200975	4.9371984698434925	-33.90084040016677	3.5830295458088774	10.825681896961385	-5.21359537620179	-1.8355042250545606
1.1951871657754012	-22.77716052227419	9.81500934736406	-30.863678122473388	4.9251464587355205	12.499042272588614	-7.089249451506103	10.594576071422631
1.2032085561497328	-22.867676745452833	14.919000247726688	-16.52530104261704	12.152856025469704	12.276827155400959	-1.6650318911727553	23.609511574544687
1.2112299465240643	-20.672780081380406	23.75518819337258	-4.485681621320391	21.57569666898523	11.693160786231045	5.410723910689101	29.27597297420232
1.219251336898396	-20.580996533602768	32.44880091197978	-6.454896224664419	24.464845436850553	11.447603745935586	5.126397991294506	24.186940675332412
1.2272727272727273	-24.34179950526029	33.792765000572956	-20.76560684370853	18.592786815116067	11.526305020497075	-5.412238735687651	12.780396119705845
1.2352941176470589	-25.793122770670145	26.58093185457779	-35.010750524373655	10.786489925530756	10.44251622687637	-19.787660844521717	3.9172499454888423
1.2433155080213905	-16.88411217559791	16.331402710350464	-38.32288700877803	7.806756858209059	6.918485828114738	-28.038028411836212	1.979230831535513
1.251336898395722	-1.6099810952006464	8.433789822610727	-30.219135045896113	9.70467121846115	1.3234500046163844	-25.803645269101526	3.678306016527832
1.2593582887700536	7.4159452277352305	4.088408275165882	-19.532573330110278	11.510750267158556	-5.633646827665919	-16.831871513126693	5.178591534861714
1.2673796791443852	5.622917088711261	1.5476840453954779	-14.71961402529995	8.743687060548814	-11.8078271154518	-6.393010544817673	6.527416661465906
1.2754010695187168	0.1005561726065794	-1.5310867793690885	-15.611356786512639	0.4742975522609552	-10.837100258421373	2.66199208849678	7.938791383226149
1.2834224598930484	0.18438448005980101	-6.870886267576095	-15.64800322531155	-11.162523200303173	0.37061497990257797	8.266909715842436	6.992951631096504
1.2914438502673797	9.003384426888298	-13.994197879726904	-9.792096662687394	-22.273314461038424	12.22494605797795	9.200563599608497	1.3619496200716494
1.2994652406417113	21.301971667867516	-19.469295339420107	1.7233155139106122	-29.226064275696963	12.092490396959146	5.846295009366519	-8.144136131409015
1.307486631016043	28.965926009929575	-20.166324566369774	15.310988714829545	-30.487606004588905	-0.21691388073699297	0.4654095624563605	-18.502680227034034
1.3155080213903745	29.132719117452098	-16.649427047048256	26.178540351581425	-25.808112724517088	-14.702985526732135	-2.098414936614888	-27.84996398851946
1.323529411764706	25.50156068447572	-12.477197402089446	30.075820076479122	-15.969282734510239	-22.978125889960367	2.414790212395192	-35.56116551981038
1.3315508021390376	21.906413477691565	-10.98732907428046	26.758710681571657	-5.547632131382631	-23.704876509485477	11.996081233586203	-38.43607907283
1.3395721925133692	17.309560054108154	-12.213349695326153	21.051814317510903	-1.44329739089609	-19.223836243740276	18.38618319564794	-32.984840124089786
1.3475935828877006	8.867333504351569	-14.310665430861459	17.97626209749173	-4.061183600690928	-11.294216721412607	15.121028001138674	-22.21987989840507
1.3556149732620322	-2.0833308747879893	-17.326081903060768	17.651357095443977	-4.893040186228317	-2.259052734526977	4.731171782585901	-13.43901407895818
1.3636363636363638	-9.91696722578733	-20.677227954110506	17.60858895828038	1.8639603846528878	4.722971814169139	-4.980717704856002	-10.28767904962126
1.3716577540106953	-11.190955007873194	-19.6991702456993	16.83991833146611	11.465036251112252	8.456530237889679	-9.037557860760609	-10.647925370469137
1.379679144385027	-8.586086708023737	-9.908807432567725	14.567510204333095	16.49687835125303	9.55569829333879	-7.075321255202755	-10.502609461012337
1.3877005347593585	-6.379584392664584	6.946360829277822	9.606446551549936	15.963155936513942	9.167608754671981	-1.9181686757696437	-8.447491870167063
1.39572192513369	-6.042286881335404	22.24808869460618	2.7834905269434804	13.831815996603325	9.729114557343115	1.70513011723598	-5.286703234131591
1.4037433155080214	-8.387456661101094	26.774752563390827	-2.7078944054238407	13.08372762748759	12.950255105311113	-0.8136686635617897	0.25691883554113143
1.411764705882353	-14.271278642744244	19.05875867446779	-4.733940868246964	13.966613843534835	16.256900462325756	-10.400038125866741	9.64216902468602
1.4197860962566846	-21.217038938923164	6.953577335301903	-5.399970606263124	16.099544545564584	16.10681759186006	-22.02251307747302	18.35779740953184
1.4278074866310162	-24.445089594328742	1.3464664210229333	-8.322401686539823	18.687391277994415	12.926358862867685	-28.755249016610993	19.607393786964103
1.4358288770053478	-22.410997608085655	6.687058916412673	-13.062041727169198	20.11990042307593	9.56496313881518	-27.973972141389304	14.074179153520124
1.4438502673796794	-18.5310341362967	15.118482083547299	-16.533350166886503	19.04934139446489	8.604316610043696	-23.183289272512187	9.281058622278886
1.451871657754011	-16.288787240229603	14.892446105190134	-17.89577370618701	13.903921224778088	10.186423837447126	-19.357198165859405	9.958768521958131
1.4598930481283423	-14.348276568497818	5.934852576571181	-17.249123384564665	3.7604726084675573	9.733701593436399	-16.333212848414465	13.683939943481926
1.467914438502674	-8.574165038512177	-1.5523003226616705	-13.676135427592977	-8.611217377041417	3.1075312191773796	-10.020560706607018	15.224605773477723
1.4759358288770055	2.8974496132325513	-1.6758196873146574	-7.490815292033996	-17.27768272091178	-5.830642930989351	0.756773266738176	12.743306376059582
1.483957219251337	16.702939915273795	1.807324881247208	-0.48988503563550345	-17.58407894242164	-9.591935980787506	11.920689660497413	8.661774364668474
1.4919786096256686	24.7321172125892	-0.089396092243609	6.812922266995975	-11.141507628862252	-7.767613958287999	18.404036612443946	4.770063023467345
1.5000000000000002	20.250633865918626	-13.300188769658993	15.711693199828332	-6.253322678615641	-7.135842008420939	19.480119109635304	0.3726751719091148
1.5080213903743318	5.328819481274102	-31.773058317575263	25.43396261752646	-10.501289146025202	-11.070612647905055	18.54586377489826	-5.164774928644273
1.5160427807486632	-8.93597873570822	-41.01121718813731	31.047158015134535	-22.425348267159137	-16.42550823851743	18.087459530342166	-11.5955020624739
1.5240641711229947	-11.246501670985708	-34.335674728546834	28.9107922873237	-33.104066831506074	-21.225859907252282	17.347867039144372	-17.452066820335876
1.5320855614973263	0.5796281140752632	-19.82117380591204	21.059692214858686	-36.17786067447036	-25.99621713074864	14.33859844686597	-20.595973850325052
1.540106951871658	18.854865553265817	-9.268566297541854	12.041308794031238	-32.07159283317395	-29.190928845402322	8.671384330579363	-20.58358138631905
1.5481283422459895	31.559225827156858	-6.159932492744687	5.400573453425195	-22.943377338827098	-27.75716604144976	3.0892863552092007	-18.957797539467915
1.556149732620321	30.383536900420218	-5.904541384836159	2.21835651875755	-10.8162922397757	-20.324246720882666	1.1586350367997784	-17.473743556095396
1.5641711229946527	17.374991426827712	-3.229303666476145	0.5023106748621827	-0.23552883746240552	-8.858759112217188	3.2407666119317553	-16.068735940365883
1.572192513368984	2.694447734505147	3.054397475727882	-2.287455309530145	4.673072412684475	2.456563344175311	5.5906908685302	-12.418927987968976
1.5802139037433156	-4.752547102804678	11.020532947271699	-6.602105244823648	5.1205656604445675	10.06794494719347	3.7964736087579536	-3.856004162115806
1.5882352941176472	-5.135157240318744	19.2170458602747	-11.398183102343223	5.020056688401825	12.721693973949858	-2.253770644244099	9.701008020762204
1.5962566844919788	-5.7630501371021525	26.55178801707533	-15.60935704161672	6.288259858940034	11.255961780083712	-8.471647752516624	23.682446145294993
1.6042780748663104	-9.39693844492475	30.263307749180196	-18.17489670272276	10.375013031197296	7.642135146751945	-11.119825652064083	31.584710216188377
1.612299465240642	-9.916225202880158	29.812326011068993	-17.798987228638207	19.43545012449209	5.100413593858134	-9.688283083591624	30.27278945145612
1.6203208556149735	-4.17195820488522	28.057645660541176	-14.37367409543971	31.14777561668937	6.581288701945212	-6.733683025821544	21.426953406749654
1.6283422459893049	-0.28638013777461024	24.39421193925731	-9.605738027540179	38.05698775435099	10.675719105702175	-4.644979502721337	10.475362598807303
1.6363636363636365	-6.489311125292687	15.836687286702762	-6.038545173208962	36.69205273282589	13.070844682846904	-3.30263766561141	4.209676456681053
1.644385026737968	-17.41698328922504	4.291187809986731	-5.911144529985509	31.519655860641915	13.860355557043327	-2.0695630360505173	5.678616575759755
1.6524064171122996	-19.574651800358076	-4.874658125810081	-8.53448986896881	26.5510997995832	17.241449436559318	-1.6444163802100866	11.528074738135652
1.6604278074866312	-7.853389342557983	-7.190760622349229	-10.595464341803076	18.63977461194262	22.497935636906657	-3.6922252693407134	15.802322496875911
1.6684491978609628	8.911266778159819	-1.565371198826142	-11.102668260814875	3.166299577120668	22.58558985079748	-8.790166053967729	15.375894470318821
1.6764705882352944	18.0381013037183	5.394726450769086	-11.519880355168008	-16.873875343861283	13.27972663153584	-13.499887917641548	11.393098389492474
1.6844919786096257	15.412964309141591	2.9030624084169503	-10.952437082727913	-32.03897880875643	-1.6366522917250248	-12.328361558670817	6.695992178942405
1.6925133689839573	7.306327937844568	-11.150465434986208	-6.058405158664834	-35.63824155296572	-14.781128258210963	-3.9654818181886102	2.920387363516839
1.700534759358289	1.3950980348782793	-27.689240876798813	4.196369146441254	-28.718145422422225	-21.006819076026456	7.286917252925206	-0.17789840532199785
1.7085561497326205	-0.5854893416545237	-37.147463725942245	15.079323726422087	-17.675646790127466	-20.214139093057277	15.758374267336382	-4.432712692078298
1.716577540106952	-0.21140384030665732	-36.46927504081198	18.98875953753422	-9.946660728416868	-17.294332168056325	18.03633459937127	-11.765710909247874
1.7245989304812837	2.8634004729895377	-28.088570769142727	14.367880460704754	-9.58692132172169	-16.956861363966247	15.054593790703114	-19.980652102569536
1.7326203208556152	10.26332293645931	-17.179543486599457	8.405093114657973	-13.684302575163814	-18.3420091219315	12.287578982503566	-22.320195027218332
1.7406417112299466	20.108238072602397	-9.38395062240386	7.54149290724141	-15.57926782197334	-16.462538630013636	14.614823478282537	-15.331597197273501
1.7486631016042782	26.162681156557127	-7.590845716930623	10.30508679124437	-12.805372748436861	-8.265103204479981	20.1660375449728	-4.55082192512192
1.7566844919786098	23.505491443494247	-9.107433901374955	12.3638908267123	-8.038881002575156	3.074471591798097	21.23664023568585	1.277169462441312
1.7647058823529413	12.605240280023201	-8.299023364270099	12.597740938488235	-3.0128025978855177	11.225255868603261	12.901487937462374	-0.3705352922442877
1.772727272727273	-1.5680179561743954	-2.768282588620403	11.080755619694491	2.954817886826408	13.293454015240105	0.051335629597906746	-4.730948518869323
1.7807486631016045	-11.838913075296013	4.558119217261799	7.2636382843803196	8.336799659325644	10.569475032494271	-7.414412408299936	-5.225934119659194
1.788770053475936	-12.308904563603477	9.105066903279134	2.1489742848108007	9.125269225642551	5.709623905299399	-5.592982923511864	1.5373371442347523
1.7967914438502675	-3.088846554632562	10.050405507470893	-2.740039805391743	5.445123801975406	3.011788586348693	0.5078248873245231	12.22098160850253
1.804812834224599	7.070464167629332	10.997305540765147	-6.8257393531926125	3.2511696354764403	7.22107831897592	3.9869623534570313	19.50597796547186
1.8128342245989306	6.22857861203015	14.672846372454687	-8.463548444060724	6.138971538615337	17.400741533004283	2.701783467704042	20.650538852836835
1.8208556149732622	-8.616768457878502	20.015889186847595	-5.656048565893573	9.856183809192755	26.705540431863106	-0.3031199910275765	18.213406873741228
1.8288770053475938	-26.575972670051986	24.098580003143148	0.3300216231177702	7.854921845537795	30.92646700790153	-1.1999099491832532	13.486362582350171
1.8368983957219254	-34.179474277663104	23.62011155039537	4.695179926192048	0.6707245218889285	31.471351670025065	-1.1110819146840467	6.700223967603168
1.844919786096257	-30.00186331991448	17.765418570658586	3.257703976205982	-3.628469609382878	29.71638715452728	-5.011183976917164	1.0801270757788646
1.8529411764705885	-22.78790353344205	11.158914051325091	-3.839355267270247	0.0486067595946623	23.940442466724516	-13.335133120576652	0.004705185635176357
1.86096256684492	-18.553414289477505	9.605979915813295	-12.69003080082664	7.389299059559087	13.17932912986022	-19.88104843916729	1.827991802288796
1.8689839572192515	-15.757637170773245	13.736565188303155	-18.680566535465996	11.006858283161666	0.6210102952745475	-19.397931006662493	1.9113640506335297
1.877005347593583	-10.151150423366966	18.366342333702853	-19.096531183851756	9.32332792867621	-10.114201030689452	-11.777664632931755	-1.1744674183456396
1.8850267379679146	-0.45091449777608394	16.014086937906022	-14.135666081975552	6.431099176203295	-18.29308070992985	0.6120976824233739	-5.466438464952048
1.8930481283422462	10.160211537806232	3.5531999515687502	-5.168100233276037	5.001103973929176	-23.349706569865955	13.553885493284483	-9.92414067514309
1.9010695187165778	17.527465892861798	-12.936138277107858	7.287196118567581	3.889454498403765	-24.437818332496615	20.231838934334807	-14.848639953141115
1.9090909090909094	20.953861952522914	-22.83029428037139	21.04723071175084	1.8125733924644631	-23.068383697050088	16.523047539264503	-19.2936912667356
1.9171122994652408	22.932615647629213	-20.85750347650133	30.13872140897388	-1.9573879821096387	-22.525099026619664	7.134211330864594	-20.836552857676324
1.9251336898395723	24.34350191223286	-11.97809442891655	30.517649583947545	-8.538504234519852	-24.795399807456445	1.391927313809538	-19.192092621150678
1.933155080213904	23.550981351134368	-6.266860684255654	25.544080900535405	-16.30155126944295	-27.75501344905207	2.7794767624791574	-18.04075612550561
1.9411764705882355	20.98541809388336	-8.353180416435087	20.77955931105247	-20.190167065188696	-25.621989836104138	6.5168487340675965	-20.022292654096127
1.949197860962567	18.72130729469022	-14.20210194529365	16.782381909139644	-17.402992628411702	-14.074082188451614	7.346888424499951	-21.806785397481796
1.9572192513368987	16.294207266869215	-18.140173931860495	11.39999373780231	-9.933598172349406	3.4547968773127624	5.294873995316677	-17.797416010307636
1.9652406417112303	11.138006517001767	-17.966035809812446	4.420600488278564	-1.2432646333586863	15.787055992080706	2.521171499010489	-8.541525799750769
1.9732620320855616	1.955034801143141	-13.8175079792289	-3.5385641867120112	5.469433320831789	14.3516827912804	-1.4298553085341592	-2.071262016866073
1.9812834224598932	-8.697884688745399	-6.981535959599846	-12.283576504825183	7.832061883690788	3.1567290276149698	-7.324233390509273	-4.2094188133655175
1.9893048128342248	-16.639159186994274	0.4876320903549144	-19.798282948421743	7.452971274451674	-4.947654716787923	-12.303811285077705	-9.942550066527247
1.9973262032085564	-21.08322558779385	6.267275952070332	-21.59891455511048	9.317880336070068	-2.254518486326367	-14.262835081156805	-9.014904893678596
2.0053475935828877	-23.721835067691902	8.904837953793217	-15.19073916582309	15.07228059345385	7.267397592613683	-15.521282365887377	1.0432558317065042
2.0133689839572195	-24.148871331744605	9.687588722306522	-4.284695956489695	21.36691961979376	15.605849376511323	-17.84542358739122	13.21683783490549
2.021390374331551	-20.447180398717183	10.967517919898684	4.477767850382835	24.88354194215705	17.873084605551963	-20.823404529541655	21.54892012564321
2.0294117647058827	-13.32335371330907	13.329360943611464	7.72305531831648	24.507836011313724	13.545980035429052	-24.892650235554793	25.61273926449453
2.037433155080214	-5.544679357555389	16.069856777104327	5.21521275200539	20.326164859589994	6.901262088912004	-28.82601220458142	24.90864830749934
2.045454545454546	1.4782326799151702	16.89538163677185	-2.459766087829471	12.920843334300997	3.0325969428449517	-27.888512988793817	17.467473413510938
2.053475935828877	6.760957677691389	12.741209389594566	-12.026213565226602	3.7173515482033537	2.5314741345641205	-20.08018901198483	5.150118225706643
2.0614973262032086	8.8154329837023	4.490229269404118	-17.62526724346953	-3.7885634950092952	2.49489388160757	-9.208401252546668	-4.831549657656848
2.0695187165775404	8.496676333472022	-2.592063858287011	-16.09863870397888	-5.863750788665502	1.3834584875871907	0.31930788610523264	-5.994273401209269
2.0775401069518717	8.557241164097062	-4.186618278687877	-10.609107057054496	-3.9224422594095056	1.0935328668297841	6.817949619919932	-0.18211715363301614
2.0855614973262036	9.594339423631729	-1.0416998028365576	-6.6219651012914325	-4.398253288926796	3.0044621395538376	10.872046445023997	3.0254680071035835
2.093582887700535	9.69298042402728	1.4437095969771319	-5.501738851308413	-9.885426148773009	4.346974543648196	14.254603555812322	-2.7445027662281665
2.1016042780748667	7.219052663922162	-1.2513073541280493	-4.934679636645321	-15.723139610943592	1.109806082518911	18.607651594498286	-12.652664748511071
2.109625668449198	2.655994727369189	-7.580551565806868	-2.0356557319641277	-17.83963295320175	-7.3395402625845545	24.926261029660274	-17.82481589272129
2.1176470588235294	-0.833428380853142	-12.031203857812386	4.680502447297223	-16.70060818919113	-17.121977484378238	32.00326633531545	-16.45784522614595
2.1256684491978612	1.0540094508404745	-11.373468159729164	12.402213787287666	-14.23425041277628	-22.84898645896951	35.55117995737043	-12.639643077333389
2.1336898395721926	9.320444073125406	-7.592614737660158	15.247219887005008	-13.164578397857662	-21.861925850059787	32.27179218522149	-9.43909661478098
2.1417112299465244	18.71251975203962	-6.445745567720639	10.864308729436942	-14.642044829999293	-15.749271713438457	24.10212534627717	-7.4500507230961555
2.1497326203208558	21.74055936607612	-12.69759651074626	4.448089486480916	-14.948013990661588	-8.79942624453645	16.104477919830764	-6.090432485269722
2.1577540106951876	15.76721496670172	-22.963098429770334	3.492110952949605	-11.240822175608438	-4.202535750575475	10.976831003284499	-3.7474992303133665
2.165775401069519	4.933619187413959	-26.51687481244261	7.739729689537602	-6.4464130102372454	-2.160933017872351	7.10440303376621	0.5411592660642122
2.1737967914438503	-4.058895822093608	-18.011489917025266	8.582389561071956	-4.073712428724885	-2.1034470303728043	1.7028964818782168	4.923081242064105
2.181818181818182	-8.26675394829142	-3.949173927057096	0.8047359293242923	-4.225448728900265	-3.9998854011574534	-6.198882047856565	7.240169959413822
2.1898395721925135	-10.589452533677612	7.05574823486967	-10.527092074081372	-4.55687967956168	-6.67154930221389	-15.903450116128099	7.741541487175279
2.1978609625668453	-14.629851760577655	14.082209675913205	-17.824528075134683	-1.6087386443379112	-6.779241262396434	-24.74188049488023	7.518805857143897
2.2058823529411766	-19.882272388251298	19.78944405337704	-19.163999744645988	7.056841663048708	-1.639434638143046	-28.385518537295656	8.005171846394228
2.2139037433155084	-23.05709073318129	22.978070726185855	-16.70520579502138	20.303232251446946	7.2065599942927285	-24.745617591430577	10.99296531529948
2.22192513368984	-21.340407041763658	20.894095157482674	-12.733033482016253	32.29792995074446	14.25749487808964	-16.841937406972878	16.36888787555017
2.229946524064171	-14.480968043236581	14.089787068337252	-9.147082650610745	35.526972539496654	15.209589287340982	-10.324520963186277	21.908163789690228
2.237967914438503	-5.010524017613499	6.875590767770577	-8.674797279934603	27.44073335599245	12.410173763960044	-8.150390124104373	25.40997004892265
2.2459893048128343	2.647166892427594	4.4578873744423575	-12.770416218413255	13.267947205387458	10.922675120540266	-8.31849080704983	26.210257169646614
2.254010695187166	2.935465306661609	6.9971128664791955	-17.301264984527936	0.6928041707290387	10.393879008664348	-7.105242888018689	24.85997964934726
2.2620320855614975	-5.249322622692341	8.940748406969824	-15.67837420691941	-7.108009485040687	7.283713872834316	-3.6507026901955686	20.663459280334862
2.2700534759358293	-13.719146022227864	6.886144258723194	-7.319202613407209	-11.596975461047657	1.703417447370453	-0.25824852782208063	11.424368332784653
2.2780748663101607	-13.482592387179311	3.4860027933829443	2.325465041854023	-13.896106724255604	-3.016566983389778	1.2563934362477016	-1.7082871971121765
2.286096256684492	-4.999827270668555	2.7202980235544008	9.636466838947236	-12.94992578982314	-5.374418892481582	1.3714596387153237	-11.33664645362975
2.294117647058824	4.486259600643829	4.013400575055867	14.870017313851733	-8.744533441768988	-7.091940730508151	1.0825087330677952	-10.41336692928734
2.302139037433155	9.64834833002509	1.8902393498078816	17.863477189606254	-4.433066262701189	-8.215585357436312	0.821714167991163	-1.752661715011876
2.310160427807487	11.762322455684396	-6.346731035173642	17.32917946670817	-3.443960334987615	-6.0034493074028354	1.9436373857988014	3.663926390754742
2.3181818181818183	14.418230781703164	-15.297767732315554	14.109036333010204	-6.151314250016474	-1.7809484209615332	6.039657278135376	-0.969337633291105
2.32620320855615	16.6615408588152	-19.118846842398014	12.13479883361434	-9.3549752007331	-1.8319449901197875	10.87122474876752	-11.930750860626805
2.3342245989304815	16.420987775950394	-19.29320084734641	13.513984678505523	-8.145231578287381	-9.078188143780547	10.9186892642735	-21.284026187397764
2.342245989304813	16.01204287676171	-20.184047769817532	14.278911744110323	-1.6616516598775721	-19.039436597969164	4.625783672993534	-23.742586225102535
2.3502673796791447	17.01831990509138	-21.518942158966254	9.365965197874019	5.042980609990211	-25.015157354794948	-1.684039225620784	-17.80009389663242
2.358288770053476	15.73914816083954	-19.0833630164244	0.00631361723815356	8.544898319982149	-24.031682510248753	-1.1548465147952094	-6.483730840322472
2.366310160427808	8.842193202011307	-11.918824065358594	-7.61380101055118	10.195731449824875	-17.35887234079045	4.362397215544928	3.8746183665447087
2.374331550802139	-0.9528643759657878	-4.55326483924283	-9.650000708578068	10.755593405752503	-8.286899998643246	7.871472990338025	8.76030143778082
2.382352941176471	-7.647376612099913	-0.8277271574784598	-7.722955055480173	9.366386201026705	-0.33799527477971164	6.723557260358674	8.420217412417012
2.3903743315508024	-9.290324427309042	0.8657828591803131	-5.562395977807811	6.6465154799896915	4.87477171439297	3.5962144824565656	7.062970283642346
2.3983957219251337	-10.394063947486112	4.1337645306372455	-4.406133380044875	5.018443474715465	9.213351715922451	0.9555090698700829	9.312668259090161
2.4064171122994655	-14.711740864401046	8.653423474968823	-2.8487451048287005	7.295791390286947	15.715706752139026	-2.4410952228723084	15.225127628693922
2.414438502673797	-19.424104185354828	11.838060997537262	-1.1495228974493914	13.496615805372343	24.417574325471843	-8.62867532143085	20.192316430748633
2.4224598930481287	-20.757042728171886	14.816285331865808	-2.200372683708487	18.902379512994987	31.284411508844297	-14.898906028539738	19.532650897098648
2.43048128342246	-20.626127997777207	21.04029957867134	-6.65879561095107	18.73993922108617	31.395096012031463	-15.504429066644295	12.064365412086591
2.438502673796792	-23.158700699081212	29.71218631586763	-10.378867990930177	13.82154690364079	24.45167670064007	-9.365442627078654	2.3439839598872427
2.4465240641711232	-27.492181944528486	34.837724216534504	-9.685581860432027	7.897457080629513	16.642045328292806	-2.3720245717067434	-1.5902726064982926
2.4545454545454546	-27.830516659056478	31.342626058434266	-6.576333820274123	1.6007298451401724	14.383034072039855	-1.139803319988656	3.323258894141691
2.4625668449197864	-20.13956886164353	21.086987640523294	-4.682162091027128	-6.246872256599488	17.690614423625686	-5.048603285323765	10.495437550054469
2.4705882352941178	-7.451543833962223	11.166834946242282	-4.695273006801908	-14.055809775457792	21.42983803962461	-6.606077749728388	11.007976575993435
2.4786096256684496	2.460234495701077	5.650226550846035	-5.417995507065663	-18.519842960979396	20.23194435765679	-1.3443782455812283	3.9587886305515183
2.486631016042781	5.204701909551154	1.9577136494762204	-3.666323667023966	-18.617188764971658	11.968968232135925	7.069554551977616	-5.299322045824748
2.4946524064171127	3.772560764331614	-4.200936480057939	3.561402846736491	-16.529318033577404	-1.1216695424509422	13.04511760168964	-13.55286994983539
2.502673796791444	4.695930428980062	-12.767487302094814	14.056340826096399	-15.318429998115187	-14.316980455989857	14.598021238875246	-20.843073616449537
2.5106951871657754	11.747774842609093	-18.229334348431593	22.275214439227142	-16.769441437010677	-23.17121166962914	12.46467142856562	-26.94564663368495
2.5187165775401072	22.519277466824562	-16.169703620944446	25.388599132499962	-20.600272385008758	-25.238309918155334	9.103521472748781	-29.880237105542463
2.5267379679144386	29.912376755326115	-10.008530348967064	24.052955677353044	-24.442479237913126	-21.32497161802048	8.325059553543957	-28.424306938346543
2.5347593582887704	28.482797842707782	-6.206948015766672	19.426512989629387	-25.202565843522727	-14.684233046062007	10.775856314078194	-24.984374250598187
2.5427807486631018	20.861867907031503	-6.22792592487594	13.649640482329147	-21.47569451922817	-8.054488451938536	10.924045594239628	-22.351322567982802
2.5508021390374336	14.87956992762949	-7.663060034410629	10.006937879926602	-14.238331424704763	-3.3056459723701335	4.619993233461725	-19.953230327304592
2.558823529411765	14.201071171635354	-8.528222148957738	7.82472067614025	-6.093769747770702	-3.0045088349060465	-3.7940581608520083	-15.082213370204633
2.5668449197860967	15.312876016366323	-8.218830150940962	2.72711036916449	-0.858525990488788	-8.271143762435429	-6.998174673227166	-5.946354914479861
2.574866310160428	12.730662781287796	-7.227412424169785	-5.617682851582958	-0.6279620399123766	-14.57566005376451	-3.014569944319756	4.027847869897232
2.5828877005347595	5.1159380796850575	-6.091419355833011	-11.954674660732746	-2.492564278504863	-12.727713453522428	3.5743509045198842	7.031267207491381
2.5909090909090913	-3.4745602219470775	-3.5449996558767936	-11.905408121337922	-0.859075134550677	1.743489938818184	6.330461926701134	0.6145837513613881
2.5989304812834226	-7.985505004418738	2.120363738356204	-7.592185618440207	6.89913036002968	20.360588756790893	3.046641411808031	-7.174238260724567
2.6069518716577544	-8.014366787916618	9.557458409160759	-5.580242943149927	17.03117082011145	28.871633785878156	-2.6793045851871145	-6.6051251219779425
2.614973262032086	-8.136362022952536	15.129742803415425	-8.608746024894327	22.45299546456172	22.961471616718892	-6.881658980745757	2.3084268814554973
2.6229946524064176	-11.273274721944825	16.517060100521267	-13.382621886252219	20.660178183736463	11.007173199440428	-10.379851191550092	11.735167621270444
2.631016042780749	-13.98941885748282	14.10121709869184	-15.840416442401741	16.177167444109354	3.249803256685716	-14.886729943987309	16.881792985375952
2.6390374331550803	-12.560173610207086	9.599403953233143	-14.471763467242704	14.306837353973787	3.9256815241821257	-17.786998609692606	18.50636224908546
2.647058823529412	-10.517968856775457	4.376936309359914	-10.729265611353378	15.850766459112332	10.08888833242507	-16.178941756698958	17.781209941155446
2.6550802139037435	-13.04165177842177	-0.23800398635295383	-7.000654486623321	17.658615913545034	14.34927823356046	-12.029716803290672	15.187743855512881
2.6631016042780753	-17.897920722438176	-3.3809782713090195	-4.074711444588156	15.96624925449569	12.30165919728786	-9.037210506232942	12.40602387661146
2.6711229946524067	-17.952568103181285	-5.8954927961046035	-1.618977849439962	10.12541145752266	6.272039195727556	-7.498797056666201	10.824084103759967
2.6791443850267385	-8.86932161981492	-7.982963399109533	1.1857794357986107	2.9015783653520444	0.10325070222989081	-4.949988540471128	8.61864868648163
2.68716577540107	6.599238514775066	-8.086023517619608	4.5342458545129585	-3.4815597759838592	-5.3963396800751084	0.12655064987768463	2.5081493841458586
2.695187165775401	21.147967517870562	-6.209513700876705	6.1828394235880895	-8.339796577533862	-11.786202119421437	7.020819818466653	-7.81488168534334
2.703208556149733	30.453601815292508	-4.706910246774356	4.263236224655597	-9.949123751623782	-20.405089309700447	13.767539486770442	-18.46975948095781
2.7112299465240643	34.71463679765344	-5.059919373568407	0.8614660610074171	-8.637035120492373	-29.192337058817227	17.890318650505293	-23.269594464894602
2.719251336898396	35.03356144456629	-5.896283660709088	-0.17006117882862518	-9.749775512380731	-32.99186055200896	18.188291633152254	-18.41462085168834
2.7272727272727275	31.925858080082016	-6.288438600536635	3.4648042795655885	-15.904391867816779	-29.07252749842187	16.53113449078584	-7.100954161553159
2.7352941176470593	24.294010571278143	-9.531001965912838	11.203552093847355	-22.51077477572791	-20.837082354692722	15.94363254242704	3.199018076819321
2.7433155080213907	11.673866779933098	-18.03726882286123	18.783980023891658	-24.761653405257597	-14.43097711452919	17.592840977730937	6.94578279597027
2.751336898395722	-1.385422301779037	-26.933690886629975	21.270055314029904	-21.52835807180128	-12.24201038849502	19.665955400645693	1.9608547741177018
2.759358288770054	-7.874955263520125	-29.05593441819022	18.103163923780404	-13.461799554583957	-11.100488150746013	18.432837700568694	-10.128060385452597
2.767379679144385	-5.600838221603824	-23.1145870108462	11.691862042574874	-3.9511285866693022	-7.694073278854869	11.705758959970677	-21.76439678455545
2.775401069518717	-0.6585395674481727	-13.090543930431473	3.2599843009426097	1.3842569282799033	-4.034717451791783	0.8696553327762301	-23.020412177322378
2.7834224598930484	-2.0692330348205643	-3.3733428748031447	-5.869575742494852	1.9002351404428577	-3.938913731226647	-10.830280598474248	-10.938388836565371
2.79144385026738	-10.821183965808116	3.2455270651390826	-11.885676189255992	3.910625092389767	-5.034238316620707	-20.388295027118016	6.654526193811583
2.7994652406417115	-18.192223702050867	6.10176717908549	-11.191599450621405	11.371335361678431	-0.3540716990415284	-25.38979626437055	18.24345918285512
2.807486631016043	-17.070926355048464	6.17856536256452	-5.419280835332148	20.108432741582956	11.577220694657186	-24.712465028455338	19.391690791574796
2.8155080213903747	-10.53684666206853	5.06231382250151	-1.5059430415154536	24.2567026025264	24.13125666436773	-20.276715722069586	15.273153571256694
2.823529411764706	-8.547927538315765	5.978934706113714	-4.9278515913544885	23.533852514775674	29.73370073234607	-16.265085563138793	12.59932289926048
2.831550802139038	-17.07576385463857	11.715786263603505	-13.559736799971352	21.11411509903176	25.918596371154916	-14.952490154241904	12.59412722895892
2.8395721925133692	-30.370373473172226	19.603581941911553	-19.51729592395817	18.081795146065225	16.903692317280115	-14.193268984516662	12.690730391055135
2.847593582887701	-36.411110902217345	23.938489723885503	-16.805662254029926	12.811316840941743	10.722384593659283	-10.940838109939921	11.011355206800042
2.8556149732620324	-29.846994506891196	21.988575825457026	-6.450171327254533	5.426072793006977	11.969830709776117	-5.729463272438973	7.620272892909406
2.8636363636363638	-16.378835691385994	14.243363281119427	4.904850195096443	0.8714904694963085	18.033649162466283	-1.0905540550186195	4.2200518067056505
2.8716577540106956	-4.859134330815412	3.1099917143850533	11.32774643250043	2.8486125310044654	23.04325903446519	1.7793186164754677	3.4978469574614457
2.879679144385027	0.8147644178959443	-6.608071697682242	13.676294975450967	6.177883995214264	21.397192909522452	3.7252470428264766	6.012015916865859
2.8877005347593587	2.6626244285085616	-9.647072593376919	17.1714015842325	3.3640195286455534	9.17354345227675	7.055546444136362	8.086918687809236
2.89572192513369	6.46029108220714	-4.676912518875625	22.179463170942913	-3.3482688773015354	-10.93540040999132	13.46595725158314	6.435497399357019
2.903743315508022	16.15301928727355	3.5105048135088683	22.12351983474383	-6.292826240955252	-28.421179458428984	21.43934527394553	3.0017650363959105
2.9117647058823533	27.478597552196	6.570345337811199	13.360118037901188	-5.240745537329241	-33.51477261451214	26.52467247348023	1.8480832075910165
2.9197860962566846	32.03918814792769	-0.08198060997457357	2.4592001502789165	-5.930326243168764	-25.47949822362174	26.360534402707792	3.4695314655034624
2.9278074866310164	27.327200887904077	-11.756378522232072	-0.901056087042149	-9.439532320981414	-12.343925414988307	23.93986561118404	3.6551827150532588
2.935828877005348	18.198712219696972	-19.28628212803291	4.68928486571829	-11.485201561915689	-2.4000759197846	22.79966130259819	-1.67607005393645
2.9438502673796796	11.129504254340295	-18.35190430791117	11.18043844399039	-10.039879133486112	1.9231848075142497	21.59741664398852	-10.91407467874653
2.951871657754011	9.163779636530059	-11.993234338558027	10.542519838119787	-8.02082962044481	0.10716853460469762	16.586823773799487	-18.67355595306413
2.9598930481283428	9.905415437200253	-6.495270823774421	3.624227799841676	-8.835787966561114	-7.062898169715752	8.447750003685917	-21.29178667320879
2.967914438502674	8.213270044519254	-5.461411132962759	-2.197523627268743	-11.290705733154866	-13.200645652022324	2.817944765673849	-18.83886114555308
2.9759358288770055	1.4921502372119702	-5.51212389204964	-2.710509990959058	-10.300416236504596	-11.849831590351027	2.9783270893745692	-14.165599311805684
2.9839572192513373	-8.818122788379169	-0.1556220289803586	-2.07606833759301	-3.0204424323566488	-4.276928506358903	6.185392188750874	-9.388046550160283
2.9919786096256686	-19.352653738590533	10.276526460881236	-6.99744245482895	7.390131295576213	3.8015075049166014	6.42802187606594	-4.209161406419498
3.0	-26.342856696970177	18.255699956497033	-16.907445659466642	13.769878089433524	9.206546257063934	-1.2756031617578085	1.2219659989721567
