Date: 	2025-07-01-
Time: 	1104-35

Picoscope code: 	1111111000000000000000000000000000000000

Max potential (current channel) [V]: 	20
Max stack potential [V]: 	20
Max cell potential [V]: 	20

Cell numbers: 	1,2,3,4,5,6,7,8,9,10
Area [cm2]: 	195
Temperature [degC]: 	50
Pressure [bar]: 	0
DC current [A]: 	1
AC current [in pct of DC current]: 	0.4
Shunt: 	200mA/200mV

Run without potentiostat [Y/N]: 	N
Frequencies selected: 	[10000.0, 5000.0, 2000.0, 1000.0, 500.0, 200.0, 100.0, 50.0, 20.0, 10.0, 5.0, 2.0, 1.0]

Time	Current (as voltage)	Voltage1	Voltage2	Voltage3	Current (as voltage)	Voltage5	Voltage6
s	mV	mV	mV	mV	mV	mV	mV

0.0	0.030818438615167025	-0.18876293651788958	-0.05393226757652542	-0.2779702306466158	-0.5007996274964811	0.22600188317791403	-0.4563848189040345
0.020134228187919462	0.004043105568559219	-1.0119171334995605	-0.5367673484431006	-1.5811659268935006	-3.0030828959975944	1.6347764520430013	-2.5383785806508383
0.040268456375838924	-0.07861076416575541	-2.278416684343551	-1.6534207591888617	-4.128652784977871	-7.883965515585444	5.235992746926732	-6.287080698183925
0.060402684563758385	0.7459915188941716	-2.4940948184224627	-2.0672354416369054	-6.117853643449384	-11.622770323081136	9.659322276918514	-9.045495433439315
0.08053691275167785	3.158230644339594	-0.7510359701653133	-0.9198611234093756	-4.002850990078607	-9.288730904321739	10.91945879421859	-7.173276926709896
0.10067114093959731	4.6729323067513295	1.3713560260868185	-1.4972475182007448	3.6475468362639263	-0.0669958853501676	6.465136236054538	1.3385459702910651
0.12080536912751677	1.0453422488089694	2.5310033357869006	-7.129563834410871	12.692787712647663	11.411631124205494	-2.6771245690977965	14.703315703813079
0.14093959731543623	-7.508933516363157	4.148038921803343	-14.134191639620758	17.40552079563577	18.580182421580137	-14.248928666877418	26.247408414056345
0.1610738255033557	-13.907849338642205	7.2780825672012615	-15.35909196363532	16.896178797151755	17.215593815479668	-25.537988683368468	28.75965005329858
0.18120805369127516	-12.364612352829587	10.418881971199935	-9.669544622754897	14.312392811972424	8.931231310870672	-32.46362491837627	22.438644224855558
0.20134228187919462	-7.464979052324345	11.680713617885873	-2.4416489688337655	11.504473101386717	2.0090948809546907	-31.182373223300264	14.347446005857973
0.22147651006711408	-8.391831017632416	10.954156341658514	2.0713092867504597	7.6938535847711504	4.036091714885308	-22.035691654534173	8.278826230493028
0.24161073825503354	-14.980692055189342	10.400772460948229	4.139780829806466	2.4965716966121225	11.805454435709416	-10.340260649413466	1.2109671240154025
0.261744966442953	-17.689340712623906	11.920305211748842	5.546413476213493	-2.8688058018884997	15.541171154931307	0.23383495020300327	-8.681639727670396
0.28187919463087246	-11.071213717206389	13.572644084150145	6.066978598431932	-6.472830519992608	12.975458720903504	10.386355909010007	-16.787642599137605
0.30201342281879195	0.26007432761933175	11.324427802961404	3.9769232684605478	-7.113388793362106	9.616148919349556	18.557992583956405	-17.992321813884242
0.3221476510067114	9.279412584630206	3.3315040824700546	0.8882225053712713	-6.776382743316446	8.011157379105803	20.863753838261317	-14.557396140732699
0.3422818791946308	14.668148178155324	-8.843742936863064	2.3130244973296317	-9.405705253226577	5.578019782775773	18.287134974012872	-13.52353806376094
0.3624161073825503	19.618096833563737	-20.101471530706966	10.580859685176582	-15.308086003281282	-1.0556773573340787	15.515585981940687	-17.583514335528083
0.3825503355704698	25.664368896572025	-25.46705737513878	21.137771993264867	-19.749980684931014	-12.338179120236804	14.381795371331206	-23.72297201450483
0.40268456375838924	29.004379966428726	-26.260811385907967	26.744424895664796	-18.415400299046013	-23.352158300213812	13.661903262309806	-27.93045339364202
0.42281879194630867	24.055416210363855	-27.256553986792888	23.385893191435226	-13.092120967596609	-27.80895123749409	12.655259847241096	-27.75052434861052
0.44295302013422816	12.385984371301955	-28.014952357477377	14.096407233847753	-10.790396683642513	-25.382009767861543	11.706329740774137	-23.756454745258065
0.46308724832214765	3.0618363836223454	-23.11199066745605	6.669362614130958	-15.23156468436919	-20.850379156008383	11.814301958831892	-17.719690228479177
0.4832214765100671	1.6636572101977405	-11.702696913543685	5.676951285513913	-21.638394706440415	-17.551888487745234	14.304924160784768	-9.865401795901512
0.5033557046979865	4.993671694321703	-1.8238499626609013	8.394011064289542	-23.069239115277185	-16.31901188576248	16.71300307105686	-1.2641230879676932
0.523489932885906	7.998239327163311	-1.0322708988530689	8.484179685252004	-17.126216150078168	-17.51124000472092	13.399426970873165	5.183860917838727
0.5436241610738255	9.978244428735819	-6.684901071125581	2.2340003711767857	-5.844546436541761	-19.193912795492764	4.410412638106654	8.353661188039647
0.5637583892617449	12.069444469615622	-10.285034560224025	-8.171261495958127	5.023644632806218	-15.941271780836146	-4.6751661455933045	10.499128105037142
0.5838926174496644	12.325288616325505	-6.2173210764033975	-16.129696575082342	9.925272323050523	-4.124673028214532	-10.546436219635613	14.624555893340057
0.6040268456375839	6.581877989562255	5.789783055261411	-15.817872038381521	10.814646953212206	11.879499575511828	-12.734156790520483	20.250838906494668
0.6241610738255033	-4.879025790212271	20.268963478452342	-8.81702337351396	14.37763615329481	22.80449213641768	-12.6480594933476	23.209201918304316
0.6442953020134228	-14.902719129652061	28.83842884541037	-3.8602542720115003	21.479196277744617	24.21667597132398	-13.04830373205857	22.086815563605477
0.6644295302013422	-16.663289105812662	27.537833116375786	-7.291239506995055	26.217658683925304	19.370376942980617	-13.759153491025426	21.422430334627848
0.6845637583892616	-11.581611739295898	20.01603548955037	-16.99210845843944	24.752810824148902	13.417810527860041	-12.919979703233562	24.226107171267557
0.7046979865771812	-7.586130822729185	13.284566493102165	-25.03149898739215	20.210110514548866	9.298011048404708	-11.802329254517627	26.098704474228995
0.7248322147651006	-10.257574405137197	11.006754364572657	-24.186595063562546	18.433902562776233	7.341343185396338	-12.212280031941187	21.721838296422256
0.7449664429530201	-17.996319521947942	10.065881518745032	-14.67369271059698	20.468948387222923	5.431033566114661	-13.181229612517622	12.278879413026448
0.7651006711409396	-23.261619963434253	5.132251497019803	-4.3997214920435805	20.40366397250585	1.6706085881662525	-12.660297652795563	3.1787782490737087
0.785234899328859	-18.55338069402828	-3.359300726564273	-0.9036036739258306	11.98408588229637	-2.4170159941890637	-8.680075861934949	-0.8765349309672121
0.8053691275167785	-5.721281432071226	-9.450380380658538	-3.965492691536284	-3.9151061788865884	-3.7661062847716282	-0.8066905821095114	0.4748866912355254
0.8255033557046979	4.912270723706815	-9.498023950800166	-6.9197557909272716	-19.896161495451626	-2.1340328040261616	8.171465165648165	1.6493406079219861
0.8456375838926173	7.250599862144075	-6.293404414538415	-3.8524458325324633	-28.65385665224057	-0.8515186598229602	15.345980270145365	-2.898090807164513
0.8657718120805369	4.3803193078610825	-5.2187919155196365	5.32643016903067	-28.748389477352163	-4.078509602850497	20.290912546636463	-12.543839747723473
0.8859060402684563	1.4589263398796957	-7.116884388718994	15.342329149206538	-23.594896104857213	-12.230743127548811	23.231196325423433	-22.00365482920349
0.9060402684563758	0.497390712718263	-6.749816231899819	20.418938615983006	-16.533841555413524	-19.58774392321978	24.728652003007042	-26.10931945898141
0.9261744966442953	1.0944299150632453	-1.0491015170355293	18.821961773616753	-10.132322093930796	-19.66856120241317	24.84104927049954	-24.305452505756147
0.9463087248322147	1.9746713525833026	5.100392332544723	13.51980550846823	-6.029516977592428	-12.407569712545746	21.077473134708846	-19.624935590332182
0.9664429530201342	2.0887235930783077	5.03304908038449	9.555368354063846	-3.0092598079653494	-4.021953453648213	12.554058763445568	-13.947887601466103
0.9865771812080536	1.5072470886614597	-2.0578649445314507	8.75889049504465	0.9500641273330452	-1.4803437913628459	3.685596861318481	-7.742231168280499
1.006711409395973	1.2381016837732302	-10.831421790966193	8.224341848406095	5.941987295162495	-5.964234799962923	-0.38880924484778046	-1.5190326039773385
1.0268456375838926	0.5161277654543779	-15.018272456249944	6.394915390805939	9.955024809989855	-10.011232179102215	0.9512417460309308	4.240393579372611
1.046979865771812	-4.147728363394586	-12.702057976778761	5.151955512954745	10.647424210384242	-4.608668546606604	2.454722192941765	8.588108210997268
1.0671140939597314	-12.725340213122546	-7.076358417974561	3.867226351285709	9.748326968524916	10.286751869712472	-3.698986768481112	10.9648576556064
1.087248322147651	-18.00062049804647	-2.904271833924481	-1.6264240339040632	12.243499534790066	25.59027142133795	-19.21069467476318	12.355908580271011
1.1073825503355703	-13.624098436918358	-0.9151542744095682	-11.70329206144796	18.341073220824953	32.225316070140366	-35.41102701759005	13.13072829844384
1.1275167785234899	-4.159436386861399	2.877684954054465	-20.243720478394582	21.523050295022482	29.061654728654418	-40.71326066764816	11.740059489326814
1.1476510067114094	-1.5706379584461865	10.895326352412107	-21.832734494240533	17.34477658690305	22.612396399923	-30.475938463087843	7.867619985053054
1.1677852348993287	-10.011128580584117	20.37733728193391	-17.591331868671627	9.637986017207036	18.954337927697324	-10.650535887936325	4.651624051113881
1.1879194630872483	-19.94187910985647	25.700405347651234	-12.189802502729519	3.998577641854269	19.05347413708642	4.973514344132714	4.098233919626033
1.2080536912751678	-20.09516884933592	22.808249020458923	-8.526047556953513	0.06888139931131095	22.36417357100013	4.9201259204552565	2.9441384940535347
1.2281879194630871	-10.583388230199336	13.749856000434836	-6.34402975905284	-4.294079513951564	27.911566780520303	-9.004863774667331	-1.0814556275630416
1.2483221476510067	-0.42493570767045374	6.334774446694874	-3.288292287202976	-6.746711867248703	30.139967380516797	-23.914358498774856	-3.689804938652345
1.268456375838926	4.01117530822774	5.603018899246942	1.7381448813431413	-4.208389606524064	21.263215693431707	-29.00560035436848	-0.6533775290398722
1.2885906040268456	2.7178262866832212	7.6733536781459755	5.458237908226956	0.8940958808804998	1.8034297086239086	-23.377410954987155	5.293019616218302
1.308724832214765	-0.28878038049873234	4.902950216436466	4.333454459072313	2.9291798816096333	-16.546944239596666	-12.23396566188515	7.224733659785674
1.3288590604026844	2.119954852753248	-6.220285287119388	0.772091065768866	-0.43989170365275987	-23.779429364386804	-0.6812903383245539	1.1537113167843707
1.348993288590604	14.33661683521603	-21.550736026817262	0.5537212460248981	-7.801739325063287	-22.7494442833906	7.040594545776239	-9.947033965908519
1.3691275167785233	30.404665562451175	-31.42208693936064	5.702872480176129	-16.540981224712507	-22.473124063959578	9.295557226032308	-19.010431754145618
1.3892617449664428	39.29499117842976	-30.356036395350085	14.012776779346579	-22.569996569835197	-25.95679348984471	10.302663460086883	-21.27841652439468
1.4093959731543624	36.60842944878663	-23.46683868468972	22.774598762794167	-22.742909683742603	-29.596624477259315	14.819818075497949	-18.566250777974165
1.4295302013422817	26.28245496382222	-18.817945683698696	28.97517475584649	-18.26457830978244	-30.11053921950599	21.617419416103054	-17.300344282688837
1.4496644295302012	15.36075738028176	-17.454056509514714	29.617405273067217	-11.404174531460612	-28.031752407515445	27.38031660502474	-19.68021555749615
1.4697986577181208	9.810360813708348	-14.222000288590285	24.2835411833052	-2.4620016053754674	-25.458127327906706	30.85131407169864	-20.02527020248915
1.4899328859060401	10.692115923218847	-5.051811017382027	14.846373242910206	7.150284133759114	-21.08329832914729	29.037557490538138	-13.123156440297636
1.5100671140939597	12.431403819955396	7.740808300297498	3.5993463222504514	13.380930460910399	-9.828030738636594	16.998556131859477	-0.5663304478223541
1.5302013422818792	7.521463588462677	16.520304082774246	-6.629751244607738	13.00841282794999	7.556941365944728	-4.176395776720649	12.227129718358599
1.5503355704697985	-5.6012062896867345	16.38743838305701	-12.806636957355712	7.211702742024543	20.17034005662541	-24.181287353425663	20.621081174680867
1.570469798657718	-20.233022061459888	12.178741697274186	-14.309185528424605	0.7889341507171258	20.05872168260335	-31.855666404111314	23.159780282553683
1.5906040268456374	-27.18880786915081	12.725624816267597	-13.295903838502202	-2.03561076910939	12.518336320998387	-26.022028347975077	20.9160932073809
1.610738255033557	-23.92438201878511	18.53357054266794	-11.790244265160963	0.0006545262196007706	8.422037412888827	-16.068873298826542	14.914468566500535
1.6308724832214765	-17.777358682811666	22.2769492152265	-11.309375125320939	6.178762813795721	12.311375218489317	-10.693302074264354	6.628966875523307
1.6510067114093958	-16.834604107666465	19.669897421280446	-13.22680809589738	13.949198537275642	20.008669183214522	-9.199132468473923	0.04875255273637974
1.6711409395973154	-19.937300297342606	13.404200431345226	-16.633669211449654	18.140460843162508	23.754535002384035	-6.713071848897537	0.09020739725951843
1.6912751677852347	-20.24030842172668	9.192104732192925	-19.251709324865097	15.602065688136188	19.098132299083304	-3.0622257346426833	8.249139705260188
1.7114093959731542	-15.425993009804811	10.027096492299862	-20.5621813515187	10.173844247230695	9.613507030427243	-1.2537158686833427	19.476808143910173
1.7315436241610738	-10.465765937275036	12.506263496068103	-20.28921739932453	8.465390741631417	3.0945837781084853	-2.0072650444088325	24.759305365374804
1.751677852348993	-10.47081448919237	10.926186234312269	-16.786550775579492	12.904153881521745	2.2985794682797325	-4.148378894375463	19.367035471732358
1.7718120805369126	-13.283525695996117	4.336041612177178	-10.822973306396964	18.633160334311995	3.362468751758608	-5.680705525632201	8.474928269371539
1.7919463087248322	-12.686072644117202	-3.2603594672068166	-5.496200467931733	16.160970123879196	1.0794837170633143	-3.6900321436746077	1.846919419262317
1.8120805369127515	-7.287658037776124	-7.063770506484003	-1.113636507737405	1.5892819569875916	-7.0515467413894335	2.730742256772527	1.3787280705898277
1.832214765100671	-0.29699350096720095	-5.231391454664482	3.7132362929232863	-16.884746426528814	-17.665765422171805	10.498800570408466	-0.94435940005748
1.8523489932885906	7.885581240209606	-1.4387861179520556	8.782253971559769	-27.342600664802283	-23.749562355981777	15.579248515642934	-10.27996862483046
1.87248322147651	19.346734003782373	-1.3574455623992154	14.163553991922681	-26.735442039641043	-22.226104844936046	16.66329891852502	-21.84550179583837
1.8926174496644295	31.326446284166135	-5.4751454910148825	21.00379877994251	-21.347804405196655	-15.163055212796516	14.927074273836542	-28.10120866641122
1.9127516778523488	36.233863199172525	-10.788508608906193	27.287058223448927	-17.493951831801667	-7.270666765734442	12.713007717586379	-26.553711507682458
1.9328859060402683	31.176259348006955	-16.753109142154806	26.890017757055883	-15.96246595247598	-4.610947523403527	13.488384434138197	-20.235054393881494
1.9530201342281879	22.496463254985738	-22.55340224034606	17.69805722629982	-14.066197077028653	-9.573704238015477	19.396115890358033	-12.852812758923067
1.9731543624161072	17.928607355322786	-24.10212254548911	5.827049829527684	-9.644712723410635	-18.7280121494269	27.640027012871016	-5.1778169382473145
1.9932885906040267	18.88091836165832	-18.78508063535319	-2.4138219713727724	-4.112407015891022	-26.493545607178273	32.16409427315229	2.298776895685675
2.013422818791946	21.923637483900716	-8.250822027214701	-5.377042364396119	-1.5933875937139468	-28.175334158441704	29.378047776918052	7.355888366785447
2.033557046979866	22.632921550221123	3.753553222391581	-3.0681578223073376	-2.3504835183187303	-23.452457324968538	21.114119952003634	8.937160076905103
2.053691275167785	17.86518632360413	13.174309290475563	1.0515463442459354	-1.8010890609736818	-15.994227186920208	11.776514708143413	8.504320556168443
2.0738255033557045	8.058311010512437	17.89710307713969	0.2436423403435773	1.0589142336198045	-7.205842921974916	3.6976136420535246	7.7526245637566085
2.093959731543624	-3.1672973375554805	18.643402031921475	-7.147192633938223	2.9384240527437413	4.098230896021881	-2.3012815409594625	6.536506271241519
2.1140939597315436	-12.095210184554425	16.59442244906328	-15.858084755756018	4.507822204045717	16.8789109660749	-4.627880444560254	4.403737490626808
2.134228187919463	-17.064306350130956	13.061676696726275	-20.24752679635163	8.616592598335934	28.33346489699582	-4.486121991923169	2.9432978955937035
2.154362416107382	-19.55762705205878	10.479263320510094	-19.77039007604432	13.206381574520305	36.5038031553277	-7.329142658307304	3.588561328229197
2.174496644295302	-21.957909466589072	10.294676609406041	-18.540858389158352	15.528782302424618	40.26187510944185	-15.095774091724632	4.883377969194056
2.1946308724832213	-23.159044158415785	10.775660425165421	-18.663119062919716	16.74632406878919	39.08805911978846	-22.837664264481266	4.354664891079068
2.2147651006711406	-20.21840381683359	9.096247403741879	-17.298447719899222	17.58941033705404	32.16563995028492	-26.23264455272782	1.3589742583452402
2.2348993288590604	-12.942434329228949	5.162309691509103	-12.024582608258298	17.38486181611185	18.693557709781004	-24.571480401136782	-2.5761169579927827
2.2550335570469797	-3.6796550209677616	1.1834314106716182	-4.13150793415883	16.63282541409697	2.5740309800861114	-17.6286969430336	-4.684018974626865
2.275167785234899	4.121055810590454	-1.657672532094307	3.943225858087564	14.304234036949845	-8.035818343066367	-7.887691084191995	-2.194570386706866
2.295302013422819	6.805567800500153	-3.928227725581788	10.665375304314828	7.493003818506675	-9.983630903009919	-0.9174441417274304	4.594356256882012
2.315436241610738	3.861212956083557	-7.022265128894965	15.753428707132501	-2.2564991860507297	-7.8418649009341985	2.002644754309258	10.402027464904114
2.3355704697986575	-0.9166769887191182	-12.813750650038433	19.06397063858746	-9.465112063188355	-5.96690121123743	5.558246446743181	9.833064196004354
2.3557046979865772	-2.376186848204143	-21.776982319149326	19.89419791582443	-12.855972395709278	-5.024407613273735	11.724613251691839	2.268749518626386
2.3758389261744965	3.2910109897045117	-30.47494999859184	19.438286972972175	-15.862909376190226	-6.43559738585751	16.56954704683588	-9.042846266688072
2.395973154362416	14.598579950600074	-33.167517857670454	20.450298221111986	-20.80007421048343	-12.209175554149938	17.68712094695681	-17.862254046229754
2.4161073825503356	23.590309015191426	-27.147308017874195	23.94190789893076	-26.49167547569455	-19.434801358181456	16.951954892351146	-18.43321262550026
2.436241610738255	23.33793120994407	-16.224921027313854	27.824572179918956	-28.981897919684343	-22.064015617965598	16.096191891793303	-11.911731386903124
2.4563758389261743	14.431102102107186	-7.563387374843577	27.11012391024695	-26.061169077730618	-18.920892413948746	15.007820796632643	-5.212042655943527
2.4765100671140936	2.5947037381307143	-4.195428533740035	18.330002998785286	-21.26112220159024	-13.256365253157435	12.553283350060553	-3.84181080359002
2.4966442953020134	-6.9870115029446325	-4.17155466256248	5.031257925123254	-18.136840947707284	-5.840967554959941	7.769497639110923	-7.3956463923350775
2.5167785234899327	-12.256841643101513	-6.260722322517934	-5.070631246302811	-14.18398073848141	3.664332859318855	1.1329859329898317	-11.47571114534706
2.536912751677852	-13.564006161623642	-8.99663054677446	-8.671366043444708	-5.600831649505811	11.260631547355267	-5.929060118414674	-12.946710986373315
2.557046979865772	-13.430593926152438	-7.264763030244316	-9.447059221837419	6.395298073918281	12.108655844717587	-12.222427200257908	-10.811899493941626
2.577181208053691	-15.373588119597546	1.8606938378870783	-11.70153264903424	16.21231965954064	8.34233266945698	-17.997199692253975	-5.294284234628989
2.5973154362416104	-18.807194144211696	13.478185711756623	-14.961779079374299	19.22360425901882	7.2877329869297585	-24.778045046949227	0.7410895463741998
2.61744966442953	-19.41882808147993	19.737217648547315	-15.953636884840206	17.486567004978788	11.661627282615918	-31.821863800065554	4.131057654250065
2.6375838926174495	-17.102192933921675	18.20794623940568	-13.670786876483033	17.943668350046927	17.452649820038904	-34.69705165317269	6.083130109645509
2.657718120805369	-15.604294888693444	13.683904794271834	-10.709712373572385	22.75811640583667	19.95453015886145	-30.125538698548308	10.648994111337451
2.6778523489932886	-15.388167988370473	12.088001178834398	-9.218243225458421	26.43907795396126	17.742021422323077	-20.645235121130256	19.34826089631992
2.697986577181208	-13.908441178096556	14.89673050086596	-8.385872292255128	24.833784180494952	14.023836320690384	-12.450502737633382	28.415708193608623
2.7181208053691273	-9.717526222582155	19.627756731969406	-7.691729495925955	20.244767783495583	12.9416577010167	-9.513071035185918	30.995641414929302
2.7382550335570466	-3.410923977888944	21.661385368054376	-8.691824957449418	16.060276293537875	13.378150611063594	-10.864421964405341	23.498837370151694
2.7583892617449663	3.331192453689279	17.224990397983895	-10.52186235032099	12.823283000958606	11.720185337998771	-13.256215708277079	9.044003809332393
2.7785234899328857	8.24218159729373	8.294141768732766	-7.961323122226996	9.644199885868565	8.539895812669158	-14.811680240234619	-5.722321083462429
2.798657718120805	9.141070084177453	0.08746495485980421	1.4136449606622574	5.95719004448821	6.226228057571862	-13.801092742365924	-15.158101008206122
2.8187919463087248	5.795758346231105	-6.274611724524064	12.399343785604948	1.4311051390395026	2.8581823955700942	-7.1146461310837745	-16.88375203423476
2.838926174496644	-0.24799188833635485	-12.045238086540849	18.597070931634587	-5.459669524338227	-4.205331970276933	5.286226305421102	-12.439902879391578
2.8590604026845634	-6.189107377135755	-15.600408639255717	19.1731974151685	-15.991980127213505	-11.19574373343267	17.80099156160767	-7.0189054217593245
2.879194630872483	-7.414199394557741	-15.0472449152211	16.405548457260164	-27.6045067328498	-12.946712166880214	24.905721014051935	-6.085994018477951
2.8993288590604025	-1.0441784875831692	-11.785977792471959	12.005957656610667	-34.897975979372774	-11.809892400407907	25.238375057439516	-10.5270902150126
2.919463087248322	10.667941008159994	-8.397794266654804	8.290894470621662	-35.09705276281232	-14.093561018189536	19.16151768474724	-16.586846519966752
2.9395973154362416	22.099129913906683	-6.233916419221735	7.0951354308928005	-30.58620418023662	-20.57563317808535	9.167830428365788	-19.647512449757848
2.959731543624161	26.41349233780961	-6.294383871598129	6.5163325061696495	-25.064414991698527	-25.247514190098972	1.160066510232375	-17.805713270717742
2.9798657718120802	19.458238899273024	-9.199576712191401	3.339705567774598	-19.696853722699046	-23.260071214662577	-0.6296173479774883	-12.961859695875425
3.0	5.713819360108513	-12.81019127587492	-1.516439506559157	-14.10721480335934	-17.017237051001285	2.810047125455199	-8.028621840222694
