Date: 	2025-07-01-
Time: 	1104-07

Picoscope code: 	1111111000000000000000000000000000000000

Max potential (current channel) [V]: 	20
Max stack potential [V]: 	20
Max cell potential [V]: 	20

Cell numbers: 	1,2,3,4,5,6,7,8,9,10
Area [cm2]: 	195
Temperature [degC]: 	50
Pressure [bar]: 	0
DC current [A]: 	1
AC current [in pct of DC current]: 	0.4
Shunt: 	200mA/200mV

Run without potentiostat [Y/N]: 	N
Frequencies selected: 	[10000.0, 5000.0, 2000.0, 1000.0, 500.0, 200.0, 100.0, 50.0, 20.0, 10.0, 5.0, 2.0, 1.0]

Time	Current (as voltage)	Voltage1	Voltage2	Voltage3	Current (as voltage)	Voltage5	Voltage6
s	mV	mV	mV	mV	mV	mV	mV

0.0	-0.1625672636950145	0.37444402917429626	0.11441345335882025	0.46112088777943244	0.41219661647786743	0.09399623777627632	0.12431614282556755
0.002004008016032064	-1.2299880213128915	1.4263227082735672	0.15224838888156839	2.749885274346495	2.437690148621601	0.021962234051487783	0.9859003083790228
0.004008016032064128	-4.249886567753752	1.3900692700952657	-1.9465809940335315	7.146668108824082	6.4301884894056105	-1.5555060729099188	3.9243471917262593
0.0060120240480961915	-8.397548707130111	-1.3936454305107233	-8.627252849479815	10.49828385108542	9.910784078006442	-4.966371850262408	9.971295395386162
0.008016032064128256	-9.998307677198893	-3.5008097881214333	-16.890144572317123	9.071709257043937	9.401111634108256	-6.91165992773442	16.87928262266014
0.01002004008016032	-6.760292035075428	-0.4842762630118865	-18.78818823416904	3.929935498428679	4.866480002835967	-4.083218385968476	18.055508911596842
0.012024048096192383	-1.007320765075197	5.27570477068758	-10.267324540861553	0.5685672384098028	0.19321473582238702	1.1188192689212895	8.589515651915045
0.014028056112224447	4.046762628200577	7.252800085653514	4.640347589934556	1.2229386034200422	-2.482652024509963	3.336434658733919	-7.3309468753918
0.01603206412825651	7.666761789644201	3.119494095747659	17.435698664196988	0.560184201800374	-4.865446143522158	2.740353617238125	-19.40993261314787
0.018036072144288574	9.257320483598445	-3.3471997054821907	20.758541493083857	-5.948293905157967	-7.625206667512357	4.452616668366217	-22.13337107451774
0.02004008016032064	6.856411293785922	-7.608131818905588	13.834017663790702	-14.224992395362948	-8.82435075356708	9.582328085343745	-18.573336768745815
0.022044088176352703	1.3552626611115484	-8.795672672519279	4.033139276730949	-18.06664670411863	-7.25811481040828	14.39920534989793	-13.43143442538983
0.024048096192384766	-2.1574380716758164	-8.83688580958256	-0.04837250443542142	-16.68513095114925	-4.558736436452717	16.682278010016407	-8.046690856869153
0.026052104208416832	-0.0802976748323756	-9.017189378732251	2.5545178059953506	-12.560597141782953	-3.2309538518135725	16.490508902350566	-3.207795431540828
0.028056112224448895	7.644604766094354	-7.521031280632653	6.818395742638069	-8.051829509753452	-3.7262655554191313	13.494935217004178	-0.9687626249492364
0.03006012024048096	18.237353696427306	-2.6221112665459616	10.157129801902954	-4.762358955480953	-5.273567922319673	7.541625170403971	-1.7544416734529806
0.03206412825651302	24.453944986309008	2.3156283291767155	13.58437245158729	-3.722199805037568	-6.808789240394306	0.13261695367900883	-2.905162555093723
0.03406813627254509	19.270627800671203	2.3020255253385136	16.49275424183189	-5.278001410049913	-5.785749121140899	-6.245938617633529	-2.2900769007357975
0.03607214428857715	4.4472006572608604	-1.5253466963633562	15.840367832895579	-7.444219064034519	-0.5007048178344038	-10.809961029087779	-2.003898266144623
0.038076152304609215	-10.644329151824172	-2.181466760922638	10.15824980205103	-6.166078851683365	5.617208527600385	-14.908170732867687	-4.009221873503507
0.04008016032064128	-17.934562514094534	3.9696420685055775	1.4020237674039095	0.4744506543654561	6.6550552955801905	-18.0673375376625	-4.342093915400111
0.04208416833667334	-15.432991068038529	12.766564652963197	-7.428903535391896	9.824577910119157	1.086370646605802	-17.50626057144378	1.3191218323446536
0.044088176352705406	-6.279585464733098	18.247644235748385	-15.283831196733836	17.54797727317993	-5.959727731573228	-13.53903502871905	10.426139537053515
0.04609218436873747	3.729471420606008	17.407993078388852	-22.591107508415586	21.49174452892861	-6.306435619703814	-10.90145722246587	17.334917274011485
0.04809619238476953	8.982611305416082	11.052381239211979	-28.232066673523377	22.439280003350014	2.8968248344640166	-12.428636984565523	19.811451343948125
0.0501002004008016	5.864562984518211	3.877265713973965	-28.746080979875384	21.440085894031277	15.79193280835822	-15.62852197595051	19.00647993620972
0.052104208416833664	-4.485628638280306	0.2704560118354643	-22.157720253343765	17.763926766698923	25.641454408085455	-16.60021220716068	16.587441206820202
0.05410821643286573	-14.432654625668837	0.31684097154691887	-11.838907509242855	11.16731422015918	29.439851725859693	-13.116620387903202	14.6465880540425
0.05611222444889779	-16.87767403825566	1.0920366012499148	-4.075801809023569	3.343566731541096	25.448669843085778	-4.850812858919501	14.341001216582672
0.058116232464929855	-12.632153708240585	-0.29432071793386877	-2.8367628529421594	-4.28955079309121	15.35806543806	5.2522379897828815	12.58478930509194
0.06012024048096192	-7.166977491102775	-3.9832515270216593	-7.828786616219269	-11.343986661694833	5.8285047332197895	10.843820673949578	5.2671117935199545
0.06212424849699398	-4.050660200350403	-6.846889590992375	-13.943826131669988	-16.380217298269013	0.6310748288921724	8.355760336385424	-6.5248315183043895
0.06412825651302605	-3.008195976254048	-5.9287496632232015	-12.729055113675672	-17.513269320780015	-4.022675485092742	2.228177796249185	-17.245159679111
0.06613226452905811	-2.5751978058034775	-2.0307051615390224	0.5045297451928482	-15.565861557171377	-12.001762956713904	-0.9813648933259541	-22.419938817407655
0.06813627254509018	-1.3818297296840916	1.3107093047057345	20.76981947531646	-12.717146479400999	-21.082700258557885	0.13464543049414035	-21.75024058213972
0.07014028056112225	3.6858218738726203	1.8465608189008282	36.88380160500948	-10.272899703092547	-26.615770647134816	3.732848547303459	-16.928935182408548
0.0721442885771543	12.844780302551412	-0.35243149573606225	40.04743805689429	-10.175893073733553	-27.11712016004165	8.415973917358045	-8.773832677361707
0.07414829659318636	18.013567775056654	-4.534800484701284	30.058231869960395	-13.527184587257185	-24.83771123707958	13.241098917456563	0.41026039865498626
0.07615230460921843	11.900666889853188	-8.990499690887129	15.415902453344101	-17.17303988331366	-22.55870892486194	17.12006621840668	4.677474071839289
0.0781563126252505	-0.07505813277875106	-11.322196822229849	6.2907593600805365	-16.05459053900909	-21.51921532868213	19.314303223692168	-0.6775823896101898
0.08016032064128256	-4.749758502189882	-11.38438939208997	5.764643256047639	-7.600938805901527	-21.132055887496776	20.362682013501544	-12.846532196669939
0.08216432865731463	2.7633565304946552	-11.164297207536626	8.089603292370521	6.132821963413346	-18.62536870982244	21.144497649302142	-22.296883743999505
0.08416833667334668	12.984087696592923	-11.196117195302369	6.391854383897203	17.905631935400915	-10.786932322958496	19.926045933498273	-21.364352270370777
0.08617234468937875	13.521102171209197	-9.830474894165091	0.4813898981928718	20.35458340126073	2.0784413678882405	12.823125940085655	-11.777433236338998
0.08817635270541081	2.6558902041530486	-5.452665421653333	-5.068525939840116	13.33048418564955	14.559004883145276	0.057713418199251465	-0.9506369288535509
0.09018036072144288	-10.878462369391878	1.4831551636132465	-8.085707202409434	4.302805882491833	19.48720911188461	-11.895234772701965	7.454962711440937
0.09218436873747494	-17.2570863124276	8.294963394172228	-10.093842489881775	2.286284933516172	14.415219786264773	-17.54297397644056	14.60119776796962
0.09418837675350701	-13.525203612356568	13.208536402701938	-11.835460080864049	9.747234460168091	4.2273128800713256	-17.62362971793923	20.32538683824931
0.09619238476953906	-6.236147585461045	18.096376125636517	-12.724951038105191	19.375106179181326	-3.356804809720977	-16.776370614807167	21.58471651196459
0.09819639278557113	-4.46741121219456	24.778150589347444	-12.915509162675871	21.550682260457602	-3.048044163080773	-17.876116334752936	17.54005285201139
0.1002004008016032	-9.638345206913707	29.091917198199187	-12.028758139338864	14.814584161653736	5.3490088829991365	-18.541541997049197	12.022944013044953
0.10220440881763526	-16.00334432447355	24.591812298455746	-9.267253214427608	6.020921109823152	16.698350452955772	-15.02925002335241	9.08922804620028
0.10420841683366733	-18.353877667208113	13.05194906756864	-5.305675890598921	0.9622909896084773	23.467668836970944	-7.475870994393152	10.004413003515126
0.1062124248496994	-16.07592746850779	3.90313325817682	-1.749078887660541	-0.13692972635954082	20.53338376380472	0.8000344039265196	14.221928572852507
0.10821643286573146	-11.893014820414214	2.254221224323776	-0.5445356194055785	1.793221440178928	9.997363220068651	6.83572628951911	17.761760595388882
0.11022044088176351	-7.840136879466418	4.177327162999506	-3.0578357865854238	6.931212178183005	0.19179682364783598	10.188355353511374	14.476858882556787
0.11222444889779558	-2.8187992773065416	2.4128813921460006	-7.524869303790381	13.609205565538593	-3.051272131829026	10.955957026732122	3.8655507559326123
0.11422845691382764	4.804563932569001	-6.679876753645831	-10.26243022160543	17.315445442413566	-1.4196801177593612	6.899222007873754	-7.987793568795666
0.11623246492985971	12.888961062819092	-18.715043424160836	-9.360916128573374	14.186088768681978	0.3799057009700151	-3.098238378190018	-15.292502564958294
0.11823647294589178	17.039934287439014	-24.973610147801683	-5.087317275234889	4.86125165646325	-0.8155083965048798	-13.734712568774272	-16.612523401973164
0.12024048096192384	15.25469558645132	-21.93546463974759	0.9112390102861264	-6.223759889200401	-6.835559708380757	-15.872343622388419	-15.297239651021538
0.1222444889779559	7.659073587146689	-14.301203433482426	6.284259565806351	-14.891650821932817	-16.428645687293027	-6.235216338277339	-15.414404911114701
0.12424849699398796	-2.0366070137687737	-9.37423114588256	9.511897644145284	-19.064545920310014	-23.235100175030702	8.158800592231014	-17.252504743654043
0.12625250501002003	-4.25625689324909	-10.319038829107276	11.100072075870925	-17.75401263000945	-21.628807325650932	18.7723947864062	-18.96988488232171
0.1282565130260521	6.214863459244275	-14.475002811140284	12.874613054716248	-11.072065153912238	-13.773270661120522	23.452810389636316	-18.98843883571452
0.13026052104208416	21.06081672499661	-16.52838040248201	15.370172005397988	-2.2791939320131887	-7.485736151776344	23.607838906540966	-17.47421483308535
0.13226452905811623	27.175253728225538	-12.746338980784234	16.551667972631165	2.7044153594950915	-6.634495221570402	21.026973552903765	-16.875333432419627
0.1342685370741483	19.44726156146442	-4.765179650426808	13.33853763504941	0.9185145167190454	-5.496478521224118	17.030526277654385	-17.032060761274085
0.13627254509018036	4.149427364455501	0.5499359141368981	5.184394476860654	-4.0140478317706325	2.751733482397334	11.356555956236074	-12.724376344230887
0.13827655310621242	-7.460926433727889	-1.2210881803446791	-2.881124275523097	-6.235603205302987	14.828543824782015	3.4826876370386093	-0.8440157555761847
0.1402805611222445	-9.747752053747217	-5.587951836975668	-4.979029313309405	-3.716998785288502	21.65053959518572	-5.071409415501708	13.157023796087513
0.14228456913827653	-5.958778983932851	-4.1652122541990755	-2.9028562615435187	1.0262041545274831	20.196177740428947	-10.69291754658197	19.99112160835335
0.1442885771543086	-3.2141791382321587	6.311677615250043	-3.2257762327837933	5.015871696002015	15.741876082306748	-11.851832839397936	16.540097662757514
0.14629258517034066	-6.382680888323594	21.63254586451649	-7.016231112509272	7.800562735345442	14.524048702114083	-12.186067638615297	8.741129037288747
0.14829659318637273	-13.799287145651961	33.35828254270014	-9.766217874703113	8.308196316400714	17.324602688669543	-14.909252775378533	5.401310888273653
0.1503006012024048	-18.77630007557841	34.878316756076174	-9.157652496991036	3.699081368107991	20.00327461767074	-17.702986573441184	9.567327342846154
0.15230460921843686	-16.971880550186967	26.64019413660304	-6.526117381126363	-4.197538144873817	18.710092144119287	-17.16041582014178	15.929802030665801
0.15430861723446893	-11.120242882790151	14.602596006022221	-4.091866634658774	-8.146882158374	14.578417158380287	-14.387785354864414	17.489088248805313
0.156312625250501	-6.958682464496474	4.486192088350381	-4.308471170468924	-4.111479576093811	12.530584058214313	-13.012431943348252	12.8960965735963
0.15831663326653306	-6.2564707765976015	-2.5738321733361316	-6.634691357532316	4.167613479831666	14.651457851552793	-12.807781269759175	6.464812683291664
0.16032064128256512	-6.439149187775993	-9.846614314675344	-5.901421696405348	8.522093884730618	16.833908367752656	-10.098338761464277	2.7253848483033254
0.1623246492985972	-4.294043640996047	-18.072789570317536	-0.2756631376126281	3.980304813717866	13.650735471829707	-4.660993329936175	2.3578486505644465
0.16432865731462926	2.4403294953696095	-22.393652567624	3.709483480468099	-5.7174247953675374	5.6695063688078555	-0.06835416446189535	3.903073088749525
0.16633266533066132	12.951674930258399	-19.993365451845673	-0.20564114523421695	-13.04518887533426	-0.5408386684790598	2.2810181221630783	6.680418731496373
0.16833667334669336	22.14172755305547	-14.497429229955342	-8.65026205399153	-14.260974989441342	-1.1302939900143938	4.870882527480718	8.994388992462397
0.17034068136272543	25.98446576950433	-10.97062237585011	-11.918976069890663	-10.660318469080947	-0.5646083776993376	10.463409021605056	6.761912992870566
0.1723446893787575	25.91090790429843	-10.290716736739274	-4.929747380945295	-8.05170493831152	-5.139512882770772	18.225265140870153	-0.9698743051823061
0.17434869739478956	25.079050282410837	-9.518268607186542	7.6030428173372675	-11.876950520675972	-14.436690056473772	22.698995694402	-8.113541416362915
0.17635270541082163	23.78522439224947	-7.949521892738869	16.789399778154504	-19.506222221276882	-22.91908782623124	18.23375251229616	-8.269874602532937
0.1783567134268537	20.131861998734397	-8.651825034185974	17.655764020629253	-22.941455688259826	-25.65467758984646	6.448381293769297	-2.5444810692706197
0.18036072144288576	13.477157369413613	-12.04931208898177	11.914301685761721	-17.918972710203175	-20.487107769441756	-3.7899067467333345	3.472226533852049
0.18236472945891782	5.581644393953051	-13.749749895856416	6.819675844925677	-6.3163606751939225	-10.329269047656451	-5.946661420034155	6.418323511396099
0.1843687374749499	-0.8722799524062587	-10.208654962674286	9.38367051663838	5.916393231684176	-1.904234587055589	-1.9755533375304508	4.841900163852114
0.18637274549098196	-3.706176760631622	-2.6788857348443758	17.519143647745224	11.769691115529232	1.8890479730750813	2.418227891219193	-2.219884703410238
0.18837675350701402	-3.2120311146865754	5.269105520478898	20.758026861176493	8.584755115785862	3.669773521797442	4.550462158811718	-12.356979159696724
0.1903807615230461	-2.9835468603363884	11.774150777765467	12.07723386516079	1.3214335685421128	6.29917100965171	4.026619782730948	-20.02095359857492
0.19238476953907813	-7.042493830379933	16.769154058710473	-4.699978755299365	-1.8983413360444807	9.956233373856529	-0.24903564176755155	-21.43732154433972
0.1943887775551102	-15.290568996959907	19.310937288597717	-19.0260555521233	1.4533406598383865	12.319951973900206	-7.272069037484418	-15.848079573477943
0.19639278557114226	-22.31785160438618	17.656221832785942	-22.298091548362347	7.417147217673963	11.585018530609263	-11.418780653251149	-4.035526632129428
0.19839679358717432	-23.20983741860786	13.625981088201367	-15.07360129423365	13.165868123578129	8.283068594391489	-7.7264416613335305	10.60392629942714
0.2004008016032064	-18.9242413942001	12.747982470696225	-6.769795289175648	18.6546426053906	3.3994317233215305	1.204724907199799	22.790155042980803
0.20240480961923846	-12.86690459380967	16.29202221320762	-4.541029845859954	21.48316131450047	-0.8907563342349063	7.047336001825707	28.558793521452262
0.20440881763527052	-6.710616258443356	17.634567855508966	-6.332154161071801	16.99748721786514	-1.280993307371251	4.7707656387311586	26.4276427905794
0.2064128256513026	-2.030544967696689	9.993433006493008	-7.751332470398736	4.7968945414078545	1.9494835949827845	-2.130163918197679	17.74294473152845
0.20841683366733466	-0.17716991703009652	-4.506124111346513	-8.032115802405594	-8.020553595456963	4.4746005471623125	-5.888792612692989	6.682602135518839
0.21042084168336672	0.8891745215646041	-15.4563609951649	-7.278187017324563	-13.427234119745036	2.7339157230190856	-3.1648257462174754	-1.75437870016832
0.2124248496993988	4.1627713110713005	-14.650417261945021	-4.353142248549177	-11.060043236291495	-3.673271043130779	2.4258511211644778	-4.639158913987232
0.21442885771543085	8.045640208082563	-4.67363423753284	0.8483084002286164	-6.724138272617444	-13.03478651529178	5.464072743469759	-3.04149554512992
0.21643286573146292	10.033002906046388	6.191786606682407	6.899924651396321	-4.834085658748076	-21.979693819999312	4.0207772906521155	-1.7413874563947893
0.21843687374749496	12.777587763938437	14.044613833989995	12.85340608249288	-5.644725700978657	-25.82045705678175	1.9203944946846545	-5.585695465000806
0.22044088176352702	17.196503130263295	18.581139657226156	17.603815065487368	-7.279546291204624	-22.540177751130642	5.337662449201416	-13.680860755901765
0.2224448897795591	16.90251515202269	17.983305982341793	19.086884718671804	-7.349152027410155	-15.813515341887038	14.82111126457107	-18.796322277178792
0.22444889779559116	8.87154161507286	10.647013187581267	17.196067108069464	-4.4729757707767375	-11.219323397111815	23.34968249633233	-15.873725772473142
0.22645290581162322	-0.033594204477450096	-0.9470599569681656	14.712411563156435	-0.6073496972010153	-11.436241942391623	23.11058201043899	-8.833790955928043
0.2284569138276553	-3.357015127703039	-10.540636484051628	12.819954588420769	0.5079504145365614	-15.175117807933248	11.897082802267642	-5.661254457280148
0.23046092184368736	-2.367574695021866	-13.077640192429213	8.894437884290793	-1.746455468546455	-18.167050470403964	-4.451040550797752	-8.987112842955154
0.23246492985971942	-1.763544723131301	-9.63515893410377	0.9116578144254947	-4.313088421197225	-16.603133407617882	-14.762049272003376	-14.496261464366304
0.2344689378757515	-4.368976614658442	-5.1387434414376925	-8.65864168937008	-4.554834414233267	-10.989198491760332	-12.989367505152194	-16.5020954112877
0.23647294589178355	-8.291927855060292	-1.531056819736178	-14.482755107263175	-2.182014821559984	-5.27394966451117	-4.390453820014476	-12.641926051596803
0.23847695390781562	-8.894414327053502	2.3472352093604085	-13.444967142984995	1.254368768287956	-2.385149203732921	2.402757420080443	-5.0889713539837045
0.24048096192384769	-5.327903754823457	5.536719549580002	-8.309486854817111	2.9432057181677775	-1.7199746299554841	3.877359639104706	1.5438793505417603
0.24248496993987975	-1.722039288755906	5.964172704544462	-4.488912635308396	1.7936775621861392	-0.2535890780439891	0.5604327566585147	4.217550227830807
0.2444889779559118	-1.7003768029692479	4.324325528684615	-4.690703786594287	0.4440931517279205	3.802319667151097	-6.348066736662356	3.557926903074807
0.24649298597194386	-5.0338960557886105	3.437012194436	-9.113096380591204	2.0661494358648564	9.055213353317786	-14.927962495957308	2.4463872155667774
0.24849699398797592	-8.915792346104064	6.018083571883401	-16.318573499214704	6.779877874033457	13.238809770460074	-21.836450360241944	3.091514395857927
0.250501002004008	-11.06556320463713	11.22155054888529	-22.919567427879837	11.40519546199948	14.961396233630277	-23.86438541784056	5.528268495843158
0.25250501002004005	-11.378524206361794	13.993565433041173	-25.80107367643288	11.690004131732845	13.8335934743063	-21.49663763814342	7.617325282488253
0.2545090180360721	-10.042684470238411	11.12155243407221	-23.18063628164404	6.206492228781522	10.915548365682385	-19.387346553661743	6.847034568922047
0.2565130260521042	-6.518909528902587	4.958938207596614	-14.416345485915274	-0.6334917883079898	8.020886973562492	-19.55146516634008	4.4195374493966595
0.25851703406813625	-1.2220460292421906	0.21443954831873394	-1.786870733273703	-1.0676664716186055	6.262728536139983	-17.85678713391185	4.310577138596494
0.2605210420841683	4.603357409524334	-1.5810133613870163	9.074524235623615	7.80618240298259	5.1961580838011034	-10.892321346518989	7.026689192815362
0.2625250501002004	10.052609454657972	-3.9093021024372456	12.16391328227361	18.666951011162737	3.2099026857787205	-0.9996393372581162	9.224142684730765
0.26452905811623245	13.888440434563416	-10.593065651099563	6.279920701278065	20.445139758325645	-0.10239773324103954	6.69595951040382	8.400066358200693
0.2665330661322645	14.33959159827194	-20.336189355598155	-2.2986058308425767	10.420857365554038	-2.8736909874834127	9.853153990937674	4.378632060602315
0.2685370741482966	11.700991590349776	-26.7637638707762	-5.658614990226286	-3.564348539205162	-3.240128073474409	11.727202923853179	-1.5486312483202367
0.27054108216432865	8.913962809440088	-24.81143003281343	-2.234839670129501	-11.661458170517427	-1.278033404638265	15.89682185773471	-5.964064062038044
0.2725450901803607	7.046757302278077	-16.71792995703044	3.7516509104086855	-10.493839671117865	0.7062489348561234	20.181279210663373	-4.641781123146518
0.2745490981963928	3.6516608821307086	-9.35770113140891	7.379563342743606	-4.387020037953461	-0.006967970625798181	20.822184443673972	2.291201280181334
0.27655310621242485	-2.313076200986692	-7.58042110803994	6.537425637387693	0.8469321589206273	-3.699578475885628	17.887894954517304	8.728636747741772
0.2785571142284569	-6.937202524308458	-11.247639765139368	4.637556334103997	2.9199445147548166	-8.27807799183135	13.259834424389647	7.706072118432078
0.280561122244489	-5.013613520592997	-16.192784130924647	7.38407263310637	2.139986002482666	-10.824098037218638	8.309244048003018	-1.9002633405798968
0.282565130260521	2.840549985276893	-17.802744559826362	14.09495117233352	-0.5384487899796302	-9.026965275411156	4.8945621305116545	-13.922757102391468
0.28456913827655306	9.04813009162928	-14.43426771177951	16.670810024674918	-4.029004646240745	-3.3881728790115972	4.680120095131836	-20.137403333697154
0.2865731462925851	7.694099782975646	-7.690990359916282	9.702509600440855	-6.20919370568416	2.076916945709193	6.27451138734079	-17.719681471228807
0.2885771543086172	1.9411175419115496	-0.020566212787183152	-0.7069076333789764	-4.364461420871641	3.5780235542480483	6.5639250302886465	-12.46793422786367
0.29058116232464926	-1.2537554760951979	6.866849687597596	-3.84137128413906	0.8882634813532677	2.4693300566592753	5.116987617693778	-10.817846556909583
0.2925851703406813	-0.9165496119300053	11.371399841916142	1.144184892318155	4.630743457117011	3.0910490466722003	3.9041171859951356	-9.801908239684135
0.2945891783567134	-1.6909621080667954	12.684478833659245	6.645514817861386	2.763906887959352	6.074827645958248	3.010929276488492	-2.15816080728803
0.29659318637274545	-6.272601209002011	13.00515035193244	8.20454560501866	-2.932473479905716	8.40632756702546	-0.10431155720719809	11.420970416085591
0.2985971943887775	-12.968410192370532	15.31135357935663	6.149645127520569	-6.116094271735057	9.227828634975305	-6.014350166269608	21.365646476727317
0.3006012024048096	-18.82345684249908	17.865911651909858	1.8599451661802378	-2.8835564772932925	10.865133234883952	-11.158141621966498	19.684725087100336
0.30260521042084165	-21.500276444647543	15.533305343236602	-2.8491819764842137	4.793891887193632	14.646557007857528	-12.662783059391302	9.101013325718515
0.3046092184368737	-20.26530910206191	7.885740650979	-6.447512435530267	12.771353336808229	19.27367311603042	-12.93251737031566	-0.35520663042743655
0.3066132264529058	-16.552474241848447	1.5321202606570283	-8.29381016275594	18.247027636876044	22.77093972952667	-16.01933870462891	-2.8929851951166254
0.30861723446893785	-11.617596796192725	1.7160779442679344	-8.22791819604549	19.7897476174114	23.51564318632812	-20.45555720635744	-0.4169482106610555
0.3106212424849699	-5.32169179965921	5.207822938182313	-7.077476703923268	16.68348653083884	19.192725185717123	-20.035658241226972	2.8211319521418052
0.312625250501002	1.2692070829233435	4.863308212631151	-5.140845355128477	9.064709941982894	8.80981669648425	-11.78658794390195	3.0318014798688155
0.31462925851703405	4.794352457613733	-1.9822428677413066	-1.1323635120300195	-0.8463979765007226	-3.3080187954829428	-0.6614016973624638	-1.6081748217635206
0.3166332665330661	2.5499055509661366	-11.15244319984208	3.9328466611577366	-8.179616008244993	-11.148700447615377	4.302969405444935	-8.115509113046084
0.3186372745490982	-3.872540589992739	-15.803245298972007	6.360946453356383	-8.932788826665199	-14.096712904573145	-0.4022589610624555	-11.347907995698073
0.32064128256513025	-8.87962984529709	-13.600322004822656	5.461468691075107	-4.276215851397288	-15.718404839562565	-7.938985408132511	-10.412577213137842
0.3226452905811623	-8.283419910628224	-7.639854158635063	5.334489639489221	-0.12381121324089261	-17.768331499756023	-8.518361076038678	-8.75920201345523
0.3246492985971944	-2.5436695879494833	-1.1662582438685325	9.49013382903837	-2.7103460678419595	-19.316592107372102	0.15566955511238645	-8.770361537999596
0.32665330661322645	6.462874114188041	2.764969142234964	15.010685836192684	-12.462107825426134	-19.245118783029383	12.03388348000931	-9.152243252261924
0.3286573146292585	17.08291548270962	1.4992232011105076	15.037021242955706	-22.43395507557354	-16.298064093353986	19.272598619593236	-6.879241897802534
0.3306613226452906	25.58184160921947	-2.3240986048633063	8.163881907966008	-24.888814756085118	-10.3489884708481	18.18199001024729	-0.8588913840028286
0.33266533066132264	27.576028388500593	-3.7648355067882706	0.9173892911406054	-17.87606585388372	-5.507722174565783	10.899329417445523	6.335305829165154
0.33466933867735466	22.000296275213604	-3.1802265808990287	-0.8488424360420449	-6.645277931617872	-6.534695355324203	2.620630885097287	10.723117077347032
0.3366733466933867	11.864295069573007	-3.058647826630186	2.2841670133395175	0.5799907502123824	-12.109228791475175	-1.7214741662245878	10.179675619231661
0.3386773547094188	2.651149013475373	-1.9730066038224665	6.223262440861723	1.2367015738704037	-16.000447427635635	0.15169156638883285	5.882843919223734
0.34068136272545085	-1.4371850404454536	2.13493476342632	7.881238264390764	0.19691606842822984	-13.109986974929383	6.662603391084121	1.5658731175764113
0.3426853707414829	-1.4923844625661342	7.7265047063269945	8.546878068566613	1.0029607293795086	-3.1795201122666423	13.885861289320742	0.9559165623808416
0.344689378757515	-2.511301922432403	11.882427819338732	10.748884160686128	2.4023062379404903	9.379900294967145	17.26819964358577	6.1319099032137006
0.34669338677354705	-8.072826066990396	13.477815812992194	10.79975607216957	4.789972791627885	19.00792243285407	13.178701162288576	16.628394972224815
0.3486973947895791	-16.877322404456155	13.18945357174289	2.9128988230192463	10.604424458105658	23.284987589876167	1.9952265744159807	27.546562285338826
0.3507014028056112	-24.088666225044893	11.993358399412212	-9.824830446401014	17.10409533465418	23.264804366597865	-11.120426276431871	31.24357806814132
0.35270541082164325	-26.153930733707526	11.02993161996947	-17.771112449739977	17.157134161531708	19.573678707102005	-20.147682501083352	23.79262708392896
0.3547094188376753	-23.588033046269107	11.567480227863708	-17.87326585400937	9.122650080219476	12.941883436755173	-21.996665790220423	9.014224219543028
0.3567134268537074	-18.84635703491067	13.058654979638927	-16.15612700825767	0.08783663275026467	7.61580385446962	-17.10700371654272	-3.7528343371307527
0.35871743486973945	-12.38283462505039	12.6568806598835	-16.73528218431576	-4.014692679187036	7.273889682399233	-9.277647694539937	-7.004298668848301
0.3607214428857715	-2.5988810783120995	8.077875307948826	-17.30660719138413	-5.874503014998868	10.913929538495427	-3.845156994450375	-2.2012381286862306
0.3627254509018036	9.339380183554145	0.7980099259598344	-15.228250298425106	-10.221373191796554	15.798303396317452	-1.676414346365376	2.9267438231503897
0.36472945891783565	17.193490499188105	-5.089191865169618	-10.965612832130718	-15.348452996375775	18.120160364218883	2.9954546279589622	3.3870559219313288
0.3667334669338677	15.839961226235554	-7.454710592214796	-5.693823473236322	-15.426789147957072	12.677515194000556	12.744584890910748	-1.110640437442407
0.3687374749498998	8.315516612251622	-7.928228757319919	0.593014568780904	-9.304819527543703	-0.645339859294124	19.98645999045001	-8.48044991382007
0.37074148296593185	2.9580309491792365	-8.909951992253955	6.472348406954092	-3.2478271329067026	-13.137528454575433	18.031735994569434	-14.582398686565268
0.3727454909819639	5.283466553131524	-9.709503731763583	7.4577030025252276	-3.5924399337193877	-15.753394617462567	11.405311596412128	-16.077846905377424
0.374749498997996	13.871375835604336	-8.786015974541511	2.186473266095263	-9.649050789851492	-8.918651961467582	7.002699721481407	-13.805940987003083
0.37675350701402804	21.705728779512054	-7.531619125037854	-2.4991866494633537	-14.708065050493444	-1.130577133450066	3.782747414729523	-11.349914524391101
0.3787575150300601	21.476882942149675	-7.540583601997397	0.3777974108456347	-13.100368502753467	0.049224446379028286	-1.0520123224330606	-10.531739453903558
0.3807615230460922	12.157051832343365	-8.756539499839382	7.724751653840656	-6.696147246704046	-5.506216345407129	-3.73103395061426	-8.984519513574375
0.38276553106212424	0.3531672361897574	-10.302045812952995	10.666407835734237	-2.2717030312831072	-12.030565994087265	0.06459406354911813	-4.139098904848953
0.38476953907815625	-6.435966733241706	-10.037302146122405	5.640676835465881	-2.9729732715441743	-14.96826956120561	6.917300163073437	2.442687431658327
0.3867735470941883	-6.457669695685481	-6.628583704804247	-2.4425712770792436	-6.047356360342136	-14.746805633059664	9.952748959556319	6.802662370690462
0.3887775551102204	-4.566675448043928	-1.7909388026583501	-5.790183774414854	-7.420863244172877	-12.130581251597892	7.082757502272432	5.974548652834442
0.39078156312625245	-7.169012598444595	1.6503204992407978	-1.8587876561895285	-5.255256350231501	-4.667406211139307	1.3904706339738007	0.8438124954443723
0.3927855711422845	-13.851374621656323	2.52918338378812	4.083626922364645	0.5837235732476236	6.612609244226878	-3.536883978013553	-3.362917565435672
0.3947895791583166	-16.70610425500919	1.911265306971333	4.736284096686682	9.552146523184968	13.32353828633052	-5.827118078195597	-2.212700468360917
0.39679358717434865	-10.47902272559836	1.0347661999032978	-2.044944201335969	19.506942468214095	10.235569290766792	-4.964964193605195	2.7809842182535958
0.3987975951903807	0.8055361509206066	-0.830286512276465	-11.44419492563624	27.099884914547992	3.1669163340275346	-3.0883360080256064	5.776343625779261
0.4008016032064128	10.024729461322702	-3.2344319853238472	-16.59192015638757	29.668420774572134	0.38911172530540994	-5.664267019295271	3.789211639346129
0.40280561122244485	14.859500985681077	-2.033360418512607	-15.020841489198022	25.815460319942652	3.4824933153736835	-15.981610173879412	1.1062941700017506
0.4048096192384769	16.540122421831537	4.118165927833233	-9.402599562926465	16.012314278817374	9.705615371858897	-27.92848007166067	2.948898084405813
0.406813627254509	15.40390813409473	9.96804515753498	-3.7325994605251025	2.7532229159574255	15.643717862885653	-29.90569559665602	6.406478321885822
0.40881763527054105	10.705739328445313	11.128021230988455	-0.24459833612237192	-9.413155513149757	17.36031026277807	-18.79454751648231	4.426637511549143
0.4108216432865731	3.6576892838460724	9.511899371551312	1.2131382706824978	-13.337540441494133	13.180482083349272	-4.062837766703216	-1.979348951185199
0.4128256513026052	-0.9852046372403107	8.340780666409488	1.9484777888143374	-5.101421168308113	6.583921392050586	4.308326546375979	-3.6108907784332613
0.41482965931863724	0.9544910572221957	6.839380412849477	2.982073423430324	8.66178227812114	2.3774696795848858	5.8084581895327	3.325319163269598
0.4168336673346693	7.095972683526998	3.2821547934990063	3.8929671094274583	15.866331645142235	1.0947322621645073	5.432686918432435	12.304894592591213
0.4188376753507014	11.346393200547936	-1.106585702896905	4.433395759425481	11.100784238634	0.22006746054613724	5.483078839002903	15.993194368427126
0.42084168336673344	11.859740820098652	-4.432642090810882	6.471709744494697	0.08764872270022717	-0.8395459938311685	5.277763921623726	11.227340421674535
0.4228456913827655	10.352916615132226	-6.753252873506912	9.35149571010956	-8.007136153086776	-1.257409699778479	5.4066054470164255	-1.3495381024336457
0.4248496993987976	7.418047369055141	-8.753920672235108	8.646979808719115	-10.430392036156338	-2.878597202614053	7.0138580839498035	-15.075471162354155
0.42685370741482964	3.1441300659813125	-10.008748284088291	4.446976536268692	-10.261677157412937	-8.370436861095722	8.555489741562372	-21.308980248024863
0.4288577154308617	-1.056548293712889	-10.653608743477873	2.20139004336547	-9.262632050807202	-16.832271188578787	7.751822528042193	-19.095929697913803
0.4308617234468938	-3.487896627797328	-11.911194052641347	4.301822904422134	-5.281890104328418	-25.522104803554303	4.504946477196804	-15.58886194199163
0.43286573146292584	-4.990534397540034	-12.5897107567692	7.7579708698568615	2.574303436843306	-32.19002795642444	-0.6589998565554301	-15.35807259945447
0.4348697394789579	-8.353033365968182	-10.241437160671408	8.640046946346777	9.239248895132604	-32.21890677020238	-6.130043872292934	-15.306846992666081
0.4368737474949899	-13.509062917663156	-5.189831586296539	6.951781256772777	9.43376611423375	-21.526975580831383	-6.95635949482499	-12.818702850956319
0.438877755511022	-16.532035321002578	0.6748592581886744	6.4649207355883265	4.919629758685166	-6.557196480165125	0.18336611947259718	-10.591609520711174
0.44088176352705405	-13.930186452319543	6.166339047129905	7.50001620714048	1.1657054887381841	-0.2770039224508152	10.474042846776374	-10.521118788519145
0.4428857715430861	-5.722370832997124	10.872708350890578	5.163988444558497	1.3448967970428551	-4.918268164726493	14.649468467299357	-9.75131795068054
0.4448897795591182	4.285502353321742	14.383047383237784	-2.192044194265836	5.3472608761322835	-9.255132804780404	8.192523869250161	-4.583668769373429
0.44689378757515025	9.68240674600215	16.23442020816631	-9.710760365991732	10.702840358310983	-4.012304545353434	-4.3038789469107686	3.734549689671078
0.4488977955911823	6.606024797560512	16.990117729767302	-12.237978384717453	14.574824691015532	8.338686896747122	-13.293333189292138	9.368083890948625
0.4509018036072144	-1.776041262502793	17.703521271160593	-9.637807879852897	15.720192903485023	18.846341246457616	-14.234406216964622	9.670262258451986
0.45290581162324645	-9.487081834141192	18.274917128181148	-6.832013892505503	13.708919177467857	21.92743964826917	-11.66179544104717	8.820617475781544
0.4549098196392785	-13.108661567510572	17.429635342858656	-8.706563367647004	8.053160540415329	18.946087224595825	-12.045836319552663	12.452093130239467
0.4569138276553106	-12.399834723512846	14.156785176007931	-13.715298873857295	0.341781412152403	14.239425980512637	-15.179748155988724	21.02254237946121
0.45891783567134264	-10.482183771868526	8.313698873105709	-14.449410998967036	-4.796889875250793	10.107021199243976	-14.491600228472677	27.715998127478745
0.4609218436873747	-10.703007115404189	0.4604335680465707	-6.64494985167724	-4.975588877389028	5.238730122055189	-6.283214072002711	25.094165424348578
0.4629258517034068	-11.562030050304596	-6.923495525245499	4.871485160946633	-4.730839352297896	-2.0383355726697396	5.307109696310202	13.984312247442697
0.46492985971943884	-7.813705018595125	-9.94416955190048	12.158263249071977	-10.070010133777007	-9.98367565629782	13.72597318016849	1.8098071913389093
0.4669338677354709	3.432575820903513	-7.390797429376794	12.749191958383767	-19.471690184899245	-15.032409563343391	15.131316258286652	-5.26710358106179
0.468937875751503	17.998288375307006	-3.0228175500787318	10.010537546602974	-24.77778420500218	-15.271998665096815	9.849631450165257	-6.938481402638144
0.47094188376753504	26.22471035438866	-2.185400747674323	7.817984062651049	-21.457860850102666	-12.025424791210078	3.2319411580844695	-7.877014843045564
0.4729458917835671	21.479998804458933	-6.379870647769168	7.070297550476879	-13.743246917989373	-9.092535339485208	1.0470627560753454	-11.787104832224143
0.4749498997995992	7.174755669524928	-12.076910200139142	7.912800480122848	-7.9771127651213645	-9.203342762917536	2.8529283158487604	-16.56376971472351
0.47695390781563124	-6.408302717348229	-14.304428604635886	12.471700605671224	-6.030597888739886	-11.65612151285522	5.202673249911247	-16.359034532273466
0.4789579158316633	-9.591245778907822	-11.26077105566404	20.451251004222	-6.755961241683923	-13.748531609176986	7.774244241087991	-8.749231006227253
0.48096192384769537	0.8560978132139113	-5.308956538622195	24.672350709368885	-8.01132469308922	-12.995824875315874	10.967337340776128	0.8449197153153161
0.48296593186372744	16.545471087403833	-0.12718248806958343	18.409698595065493	-6.900951368341263	-8.028756438500023	12.985620174061376	3.9679873722153296
0.4849699398797595	22.811386994255248	1.4523240283442045	5.097226271462502	-3.1065633455619404	0.5791456929597432	12.676801718639215	-1.705197067300776
0.48697394789579157	14.394786643306867	-0.22079371519276422	-5.485339027256338	0.05570995210088105	9.755452246936613	11.584208248190913	-9.49138407628963
0.4889779559118236	0.11613280990704747	-1.1134474954357851	-8.228806881001534	0.6990029058576872	15.925758222126179	11.69629116848974	-10.751588860521249
0.49098196392785565	-8.812563943985642	1.3798836757709	-5.9285012213825565	0.8035788248661344	17.691062206086457	12.647146996168312	-3.3687109781686955
0.4929859719438877	-10.234771533069967	5.896470959772853	-4.451686428747533	2.7901321500846823	15.694867169526747	11.556094401372528	7.765949949612664
0.4949899799599198	-10.117799816556753	9.889678197226567	-7.336495828221486	5.949021938561274	11.109045171511314	6.187285357247052	15.373961819282155
0.49699398797595185	-12.492522454305272	11.028495147901896	-13.269036327499704	7.570705591360999	6.000525479540743	-2.6066198111847725	15.362614919508434
0.4989979959919839	-15.320300296656015	7.875360781817629	-17.732550132764082	6.580673902127242	3.9613922627089657	-13.210927470156069	10.863897689393244
0.501002004008016	-16.504800877901634	1.4217757059078666	-17.57216116988563	3.883848755519362	7.495654664654374	-23.227648517207445	8.659453424306545
0.503006012024048	-16.498613727908776	-4.354880719742244	-14.06036863421502	1.531844051918658	14.429587951530651	-27.437814124578452	10.51831942251331
0.5050100200400801	-15.298497039894212	-4.806393868500634	-10.940729587488194	1.2932145197366285	18.440222322727763	-22.867291006298647	11.415048619532296
0.5070140280561122	-11.438206911421451	0.4586483732008205	-9.266212048764865	1.5893291226165907	14.944188049368977	-12.388461991665974	7.84942922643025
0.5090180360721442	-4.296384558522333	6.251552130301879	-5.959761254410865	-0.13917154919803293	6.857921089471059	-0.6049092367337655	3.134356193291649
0.5110220440881763	2.2496253617799615	6.806126188672171	0.6103675011382603	-2.296705884632815	1.8639348889408696	8.140819676309198	1.8497131890953191
0.5130260521042084	2.9548261027723877	1.1520293970584587	5.904946046888445	-2.2991476054800932	2.7605037346414796	9.642719833823925	3.3859809943535586
0.5150300601202404	-0.8590936980056273	-7.0278740201509295	4.943402862758393	-2.111576477948284	4.604051273733106	3.3435013004548133	3.1342224627284248
0.5170340681362725	-3.6839672833049573	-13.567486200210146	0.3775873950334644	-5.740083133072141	2.5554051329852263	-4.947179125526298	-1.5357630122024333
0.5190380761523046	-3.5984992785055985	-16.651355148626326	-0.7205583926936562	-14.24705262579376	-3.075697627933416	-7.865816202701807	-8.233811555611185
0.5210420841683366	-0.9282146285167673	-17.33413461212012	4.103163091252041	-22.76862131101212	-9.792106962123455	-4.7111730086073935	-11.792206238544633
0.5230460921843687	4.268639593841665	-18.136225756113117	10.015397246537708	-21.82875677003144	-15.921749805601095	-0.7217239314604859	-9.345164649125557
0.5250501002004008	9.510883033675075	-20.343958577810405	11.297388495492598	-7.611013541164669	-20.894489871143243	0.5394527634142193	-4.159348035406327
0.5270541082164328	12.516769968273893	-23.006116349417635	8.125066657176388	11.087649687366191	-23.992319700689478	0.360065810201762	-1.306504735297229
0.5290581162324649	14.93417922976042	-23.7039098788101	2.979005182032314	21.373999376658094	-23.19923807419675	3.157907981956597	-1.6900285830970756
0.531062124248497	18.763577557221268	-20.17747918016224	-5.213487581832076	18.65847070569053	-17.29569681476262	10.83901733082431	-4.527227172284058
0.533066132264529	23.81172889628117	-12.283684796504884	-16.14006138993775	9.116228046830466	-8.817838906120663	18.077103445203154	-9.372298638062427
0.5350701402805611	27.526406520560368	-2.0722233278249034	-22.54282858992771	2.7463112976904975	-3.683254072118446	17.6631168589478	-13.701652858635098
0.5370741482965932	24.604038592128187	8.026350860018363	-17.544918889643768	4.507178813849394	-6.491170625227321	9.285580742001764	-14.37090756346243
0.5390781563126252	12.25149501270744	15.806140390960133	-4.955713935059772	11.085945801801852	-12.938894685383998	-0.6200717024426984	-10.430212212337405
0.5410821643286573	-3.134562033153254	17.571284550193102	3.9662377136150746	15.19275817839647	-11.629478170780478	-6.744050195780917	-2.5583985024450984
0.5430861723446894	-10.899226204613699	10.129307263864805	3.6995030676769667	12.752717431489097	0.7596840505127387	-10.09207821688699	5.851969688556626
0.5450901803607214	-9.06442202244137	-2.6663719975137097	-0.5736256977574049	7.1250339407415675	13.69595385137093	-13.943874316967415	8.533673141227931
0.5470941883767535	-5.972143290075418	-10.026481034196777	-1.6895168493496442	5.027661524102368	17.180187118526515	-17.158083922562245	3.8143206748838994
0.5490981963927856	-7.966206547073523	-4.491036884341615	0.4509719664866948	8.088262941028653	14.13785213604372	-15.906868745027467	-0.8102283782582705
0.5511022044088176	-13.076372034914753	9.49882559085746	0.7978865017225286	12.337199942089862	13.446281981357133	-10.955502082062154	3.2634100919006643
0.5531062124248497	-16.94423187590716	20.192819221742223	-3.126071948314596	14.571617715776927	18.050733133379946	-7.902775758889418	15.60099383469422
0.5551102204408818	-17.148364777834164	21.105626089604225	-8.655350624359333	14.98547049391457	25.139593790451343	-9.263640902996391	27.421828912160624
0.5571142284569138	-13.531193421074581	16.297455600842024	-11.265368635697564	14.44093270381334	30.317532487825872	-10.579703745477609	30.13316028927414
0.5591182364729459	-8.609757847159823	13.128309585982608	-8.648288474585295	11.670208755572668	29.176638975173177	-7.49734370828051	21.256672599601163
0.561122244488978	-4.345060349271743	13.359776361571214	-2.4248907764684318	4.877629670483491	21.073223717304984	-2.442228338469412	5.0958414821468105
0.56312625250501	0.6406353699642731	14.04615993310553	3.8322807234391107	-4.672321800866054	10.957135031006754	0.6137630870283305	-10.53031856521051
0.565130260521042	7.4741769170872585	12.303117776253966	7.563320034917321	-12.578656193434124	4.780309981240672	3.2374057864673094	-18.500970933073358
0.567134268537074	12.633989555356536	7.036072102465721	8.079287654203323	-15.740680926958735	3.2447332629950836	9.358235215508639	-15.737158513418194
0.5691382765531061	10.001615313575531	0.3107174994151362	6.0388539856172505	-15.884094869383322	1.3152614674347143	18.253690134689084	-6.933046949296577
0.5711422845691382	-0.6132205977079269	-4.803684175665776	3.5943354067700413	-16.597692822858487	-3.8079545754682678	24.540450370200613	-1.4831785923090852
0.5731462925851702	-10.28211695015462	-8.578758453367284	3.5596928721633536	-19.156506023319135	-8.083710780748929	24.645773133783354	-3.8839437123629965
0.5751503006012023	-10.21138368645732	-12.864737468382506	5.957098887044878	-22.10916703145974	-7.309918256019833	21.152858101083606	-11.37609592809862
0.5771543086172344	-1.0278438510803456	-16.591254635793394	8.128560677937012	-21.807910440169668	-2.4923399308424035	18.208118300727246	-18.75365509695761
0.5791583166332664	8.695763293874615	-16.421895178731486	9.275797651034324	-15.351969668671975	2.2199340558216796	15.389167265292532	-22.1060817984411
0.5811623246492985	11.597002369221233	-11.571856198887799	10.433023846889032	-4.146357561354859	2.479501105605873	11.582200205988963	-19.331756426864725
0.5831663326653306	7.659891146304946	-5.60567980652952	10.099551415057046	7.644165679184234	-2.8896376265687373	8.215872044118058	-9.756270027786448
0.5851703406813626	1.2056788087274883	-3.013866024524474	5.592170960360293	14.94024919783712	-10.068487002462888	4.468422927304684	2.8529394871093468
0.5871743486973947	-3.702197365944227	-5.427000136870196	-0.7610002476245293	12.73255061318363	-13.540768017790928	-1.2230292619071055	10.040869989910478
0.5891783567134268	-4.62555464480445	-9.618314293459479	-3.8832006279816684	1.4927309243526394	-10.22522485988493	-6.390559731439272	7.730095822690903
0.5911823647294588	-2.1939275620513987	-8.974397771666585	-3.5476028088242813	-10.097266553323461	-2.6030738727827143	-8.456531628358468	1.9565384477909162
0.5931863727454909	0.792614314405605	0.8120925390263798	-3.125427051610792	-12.129074689326478	1.8142300616221172	-8.177127111099514	1.064293924947196
0.595190380761523	2.7701090721601727	17.349943875618493	-4.05015066816986	-2.4998598483238768	-1.80928181075182	-6.990023827502893	6.78431657619437
0.597194388777555	2.794533053615093	32.199020924446486	-4.838933360983433	12.393430502314256	-10.260238136949402	-5.909038218610346	15.11971530906502
0.5991983967935871	-1.334211186043631	36.34718621196049	-4.014769685309324	24.62213575911763	-16.021374146090047	-6.213814536927761	20.12963484575239
0.6012024048096192	-9.245163795504524	27.74888203530588	-3.215792698859811	29.004519805548195	-13.79428570379952	-7.927939290088706	17.095578887438737
0.6032064128256512	-15.019030598004084	13.147338525858517	-4.5843024210126275	22.73886041829153	-3.7273113441186503	-9.47418375336258	7.928308190627594
0.6052104208416833	-13.906523632876144	0.7594249015100275	-6.096986067537027	8.540392471430284	9.350822625281479	-9.835474800160148	0.9623511582303522
0.6072144288577154	-9.303817083202594	-6.184690864467371	-4.917126662394451	-3.4942856350827602	18.184553273973236	-9.366527407996706	1.0752206104974833
0.6092184368737474	-7.632836763658488	-8.319203643274227	-2.4518314051376193	-5.631502886490241	17.31249695575644	-9.473084553569079	4.0793858171862505
0.6112224448897795	-9.781495199234836	-8.102654161758826	-0.528645436661891	-1.4347072402087013	8.763146832984827	-10.998822791712291	3.67288636230231
0.6132264529058116	-10.638191615537362	-7.793031321240515	2.3829986898853166	0.7056298540942656	0.6792362712943516	-11.549797657729034	-0.41302503982703265
0.6152304609218436	-5.3237874320959735	-5.605907626932971	6.423586514551295	-1.7485604929143093	-2.0411629790593984	-7.358119000731127	-3.0752526257596324
0.6172344689378757	3.8536640107304416	1.9056261462904702	7.848918577079675	-5.549590029484995	-2.3476472734598777	0.7605339422229657	-1.2132252301056632
0.6192384769539078	10.028903889271788	11.637080814366318	5.738459046184567	-9.595419521738533	-5.804835700352813	6.794063152626065	1.0762206836906196
0.6212424849699398	11.275276963736227	13.60582720822388	5.409625164474728	-15.650585527843251	-14.199671292251985	6.7924710308885965	-1.4784751115241372
0.6232464929859719	10.908053883594736	2.1986558323768746	10.49580212791779	-20.584126120205365	-24.245019994175962	3.305844132702847	-6.710270750587824
0.625250501002004	11.720511949246042	-15.671094554180192	17.244770988820555	-18.36380029482546	-29.76751878989569	0.5918134511280281	-9.399132928638505
0.627254509018036	14.195209448515197	-27.403180287804698	20.124789289745365	-10.020251980751096	-26.52815901464549	-0.3584096631723849	-10.45265614515668
0.6292585170340681	16.742788596448978	-26.964299499583216	18.36221615089159	-3.6419590138916265	-17.371209512064638	-0.1806922538334229	-14.429281068547958
0.6312625250501002	16.941913599009364	-17.65791335465877	15.185472709909844	-4.950815018303575	-9.505229713338904	1.1297435315269968	-20.573752963590596
0.6332665330661322	13.103915641522907	-5.980915993579475	12.44145317918729	-10.569831628978461	-5.960594503708462	2.846586111199067	-22.74881758634133
0.6352705410821643	5.480219213802134	3.6366349510199596	8.86983263677049	-12.701096990048091	-3.879350318783969	2.1754281299747764	-17.918565306482254
0.6372745490981964	-2.614423136625258	8.593665678428792	4.593521888673485	-8.530669103632139	-0.5436026300382368	-3.68179630042505	-9.552826307347564
0.6392785571142284	-7.042194229266953	8.411421433439518	1.5317734588187748	-1.3088376917096403	2.3464327191004655	-13.009723254828065	-2.3150844791126035
0.6412825651302605	-7.0073179491246345	6.686248932262553	-1.742316506470606	5.057241927356279	2.2557818743946605	-18.753433619869654	2.675611772707689
0.6432865731462926	-5.520703543476391	7.230017692880286	-9.156911327216394	9.0760578499108	1.9853617586346048	-16.5038681183989	7.929183862055058
0.6452905811623246	-6.285098751948952	9.247180332609107	-20.29794285138109	10.069994447345751	6.399858723332974	-10.684375955041622	15.88001312692137
0.6472945891783567	-10.931470153742145	8.91982569529907	-28.983954069240667	7.807660215210039	14.455062145072775	-7.617474415116596	23.482395662969427
0.6492985971943888	-17.91457252963482	3.8582868704307414	-29.738886540144502	4.062240180595237	20.588086607675404	-7.103666886365613	24.529206210595817
0.6513026052104208	-23.063214799315237	-3.173050029747798	-23.186619660830555	1.1667535296200535	21.258431076268906	-4.454506988161779	19.151841669807997
0.6533066132264529	-23.489844398355544	-5.0277635875578826	-14.82054447298827	0.48544466730409996	16.351346243131985	2.4282061036521925	13.58005197051484
0.655310621242485	-20.680131159694515	3.1168053539839233	-9.13492594149301	2.1588376348926865	7.689677522818657	9.66363429151687	10.576388812996118
0.657314629258517	-17.187941232496613	18.023778037193278	-5.787231713659419	4.472106272616262	-0.8147200716683101	11.871543721772705	8.38908637629915
0.6593186372745491	-13.221019231125833	29.911263669554597	-3.115752398232194	5.196377946070249	-4.651996605557123	8.4436328130774	6.189933274773954
0.6613226452905812	-7.606239127546506	29.682554233829787	-1.8998114947205482	4.690389626662964	-2.453641750280699	2.2113722380591914	4.28696334504868
0.6633266533066132	0.23022303053874085	16.21585705248145	-3.4777373767876134	5.156075410459306	3.411150132737866	-4.418106475619294	2.1084672556433324
0.6653306613226453	8.342326958989327	-2.625994261066677	-7.588253928944783	5.55345651853736	9.094856242743273	-8.416683285434368	-1.1728901977807924
0.6673346693386772	12.798659428644411	-17.467003003547795	-10.501170400473947	2.722803468471377	11.330809073293326	-6.444685313917778	-4.453730032042482
0.6693386773547093	11.914155507199826	-25.140927081757603	-6.409547492635741	-2.1029530535048755	9.09587814977466	1.0117387956502124	-5.4493522907017615
0.6713426853707414	9.525239039150865	-28.334909983286973	3.696012480527284	-5.692975734200792	3.981307116694134	9.649524247758583	-4.733545420786487
0.6733466933867734	11.944051165461962	-29.602823499612125	10.996589824624714	-8.716529525202366	-2.1339848353696955	15.622568205012174	-4.944135905009255
0.6753507014028055	20.90478431319774	-27.866026770572457	11.654525971104759	-11.319544908274308	-9.12724934607938	17.875795730406562	-6.843652582783762
0.6773547094188376	31.472056169501784	-22.1414527851073	11.073331933631598	-8.878798822721825	-16.402714191266433	18.412833068027755	-10.129034840246474
0.6793587174348696	36.97744734834462	-15.011563076198957	13.768724911063847	0.6229780602633397	-21.110686665996397	20.77267288767582	-14.353792441756822
0.6813627254509017	33.95903657049295	-9.4056684024876	18.064497161505386	10.442575301927691	-20.43202451378903	25.089527795379976	-17.381503779625508
0.6833667334669338	22.340427288984312	-6.281848293392083	19.694925568002834	11.13012783646562	-14.242701574220952	26.55215447858301	-16.703776206878214
0.6853707414829658	4.4623114027622774	-4.728236629916663	15.498922227425949	0.6698171164112707	-7.029075016984642	22.192007175032604	-11.995961040165573
0.6873747494989979	-13.808569913194829	-1.8375059127782274	6.672036377086868	-12.703114221583593	-4.97723523394947	14.636307420839225	-5.397343601763784
0.68937875751503	-24.51598146372171	3.6670738983331743	-0.40762384983959643	-18.166403711873716	-7.584339253685	6.2332555798655	-0.2767067580849175
0.691382765531062	-24.08453127585945	9.200491402312192	-0.6891274737028587	-12.307106162394282	-7.344534683940848	-4.2045656185384574	1.229779939540073
0.6933867735470941	-16.684156073574417	12.325729640714375	2.593752808737693	0.01674172526829759	0.4228182604650248	-15.892318077921189	-0.44335052119019575
0.6953907815631262	-9.312362319041744	12.843333365949777	1.6973347160910408	12.152568459792699	12.784163682396485	-24.162859796312638	-3.3752199189303744
0.6973947895791582	-6.345782884509801	10.051557580969105	-5.794944606481766	19.99078154993701	22.564539131475726	-26.587429269379825	-4.604034057539262
0.6993987975951903	-8.04455723770681	3.788806242242221	-15.397219026442746	21.976749775339865	22.80204815952706	-24.590592267702934	-1.6461505641083314
0.7014028056112224	-10.172702222138467	-0.6226871214721248	-20.971321982060992	18.09983658012981	12.216823856504705	-18.912126415609666	4.2925271089132595
0.7034068136272544	-7.1906736571672	3.506801936451429	-18.09577130287579	10.799716397712661	-0.902992659796997	-9.37067058033947	9.597336489983562
0.7054108216432865	1.34322560899012	14.07558020924008	-8.120827910813315	5.300943862374717	-4.046747864411515	1.3844386028451798	12.36282718886029
0.7074148296593186	9.285631889744712	21.523197301223984	0.6157233699735271	4.616476512943689	6.66420332375548	8.604852306023387	12.68554927269594
0.7094188376753506	9.490729978790556	19.267075962671765	1.403166174740945	5.758910416173522	20.275667247725774	11.357374999684561	10.72586841126161
0.7114228456913827	1.7496977144290637	9.418773867000109	-3.112995843954813	4.707765252915768	23.682537707086464	12.65787456506191	6.9017484246591225
0.7134268537074148	-5.188421266461032	-0.2869037024147377	-5.844297048867307	1.0228293195792701	17.584499836041314	11.988319820798807	2.6996478609595522
0.7154308617234468	-3.0417463354566907	-4.600670834944169	-4.325573041211748	-4.763538586074105	11.032272522948865	5.498690504088601	-0.8985371461699102
0.7174348697394789	6.167403362999425	-4.011886714896948	0.11381765475609795	-12.66515426155671	6.296979391934679	-5.143107710731717	-4.056907908634795
0.719438877755511	14.024503266026375	-1.2848088703902514	7.472965378371114	-19.831620444709976	-0.776958640434698	-11.886556385173488	-6.365082276599762
0.721442885771543	17.032221958071577	0.3247992431998411	15.662298146568048	-20.717850800402868	-10.537687812787382	-9.889144612993709	-7.123417149670829
0.7234468937875751	18.110167167916426	-1.781647448627528	17.71723466075875	-14.089034041986213	-18.474000060365775	-1.9785442581479091	-6.225030474613884
0.7254509018036072	18.286737137887716	-6.628890824975308	10.713982712763636	-5.472379254814103	-21.941561886354567	7.057432758929111	-3.8389403812563563
0.7274549098196392	15.478695478071135	-10.693807033792522	2.3821994975539416	-0.7685341973705146	-22.859104679911724	13.024960576472381	-1.6729654042827502
0.7294589178356713	10.72136051351209	-11.590421203763055	2.989924760663549	-1.5101413482529769	-23.38157602082204	12.037899243039536	-2.3726234183959845
0.7314629258517034	6.768925197852146	-9.7179914629682	12.935730058766081	-5.319094829538271	-21.96970853655248	6.043419860628073	-5.557002106646789
0.7334669338677354	3.193705696271759	-7.826833989473035	21.497105070080366	-7.925638259262047	-16.804045295469592	2.4711731393203036	-8.0129048007317
0.7354709418837675	-1.6743776739020229	-7.241341663053949	18.852026382109166	-5.706316957930812	-9.087478847702933	4.690466016490444	-7.826342432897884
0.7374749498997996	-7.696376405847359	-5.40402066161882	7.268348472486962	2.135060226788812	-1.5903804622086055	9.147843772668425	-4.995642267060458
0.7394789579158316	-12.84350410640821	-0.698603645248718	-3.303345948281334	12.995037304387616	3.6127655815325355	10.094638336312435	0.11127848249326608
0.7414829659318637	-14.728278382283134	3.7137317405447465	-7.778600809790295	21.769723056037872	7.536960295256344	3.803490690363257	6.297108587322588
0.7434869739478958	-13.608817236469397	4.5882013069060905	-9.0014669941155	23.572184244758596	11.594303247031542	-7.332418533095972	11.46284672069611
0.7454909819639278	-12.66291588699679	3.8016692164233534	-12.41051381149639	18.362319400771078	12.974233507030236	-15.253954435587424	14.043768999985327
0.7474949899799599	-13.672890766218861	5.985581808966928	-20.800026269253163	11.353832947688653	9.433546258095515	-15.265955204362262	14.040150711143742
0.749498997995992	-14.710901767032572	12.653710978303664	-30.707990821300964	7.234522969752704	5.342613457917247	-10.4274396872781	13.124952768871584
0.751503006012024	-13.11448243653401	20.43988654826239	-34.29470784441957	6.524520869546305	6.723172766407394	-5.667076479156598	12.811943400951998
0.7535070140280561	-8.218543560405442	24.803367997779315	-27.435071156752283	6.890186330992202	13.126033751178825	-4.70907299668498	12.2514277767383
0.7555110220440882	-1.549234955510177	23.647407687521873	-14.456250623998928	6.201473862928631	17.57964268602199	-9.859481684487424	10.191275514559823
0.7575150300601202	3.7143209728183058	17.325759560411964	-3.074392831274277	4.413988750735407	14.047334456901051	-18.09440793084597	8.208845398509343
0.7595190380761523	5.900427633192799	7.466806775525387	3.7352665798240037	2.369004651035117	4.660807856923343	-21.952229947679243	8.765783942356027
0.7615230460921844	6.689906320262305	-3.8103752040927548	9.408953052432873	0.3944023002942414	-2.4886198481561728	-17.53057802532047	10.984507714478747
0.7635270541082164	6.875274801561953	-14.14765475399814	17.08431016532292	-1.4910922186845939	-2.693722896026412	-7.609001602766388	11.247271213203323
0.7655310621242485	4.943962203076633	-20.95393929227284	23.06407272077203	-3.252545608045602	1.0714887998543217	2.487534002774263	8.023498066531838
0.7675350701402806	1.5048326699582129	-21.41273887443076	21.565271081295663	-4.230514190540531	2.3360858577250903	7.975653406004672	3.528594341919683
0.7695390781563125	0.6875285016755609	-14.49278639492045	13.82530536670066	-3.6042977779642937	-1.9088582758958117	6.27635363613913	0.46584677140555797
0.7715430861723446	5.676562147571594	-5.652981218404688	6.818390454045555	-2.725436376949099	-9.252968440017694	0.3259799903921442	-1.319360044360726
0.7735470941883766	12.433556442053655	-3.5761194154680505	4.827281723613502	-5.314978755098198	-15.246552336031035	-2.4343944175632877	-4.527153950233327
0.7755511022044087	12.179161149529323	-8.943226745832563	5.831476151832287	-13.490819961609757	-15.694781183071383	1.787369317132527	-9.584246195740015
0.7775551102204408	3.5287817666169774	-14.541404884502915	5.232581336737424	-23.847138453805197	-9.4953441794758	8.004183681589083	-12.752807171139628
0.7795591182364728	-4.730268957774743	-15.798865982358171	1.2577769158533827	-28.539113934305156	-1.767419107182015	8.231698572145987	-11.198060614194954
0.7815631262525049	-5.499813213789051	-13.485956919763153	-3.548499518993198	-21.984896462537396	0.8812291720129932	1.3837940841397394	-6.036790678855344
0.783567134268537	-2.095883956236251	-8.976151082473917	-5.722607117162167	-7.278192795950594	-1.9264839851250957	-5.195181095335538	-1.6233869924602822
0.785571142284569	-2.545311516644417	-2.704420366435623	-4.041428925922076	6.114042688564749	-5.320633916831586	-4.2771954055608505	-3.614914136025557
0.7875751503006011	-8.262662729148484	3.9501127002010614	1.0620247046430458	10.932466684563263	-4.8274849869295124	3.9210646101047577	-11.966930693439007
0.7895791583166332	-12.874843067662377	7.738006912481452	7.374148524947362	6.400189907565294	2.1484852486174617	13.462359665318845	-17.485777667927362
0.7915831663326652	-11.905259158558088	6.023239429254008	9.531758904419508	-2.955615846790386	14.835907469348909	17.730829503997306	-12.26768205194342
0.7935871743486973	-8.436690014483082	1.0184586333084935	2.5193085399555	-9.56125501882914	25.783432359142576	12.800107788786434	-0.07275024680154299
0.7955911823647294	-7.528140637818587	-1.6187216066321035	-11.602731366442063	-7.895455015153376	26.254470308852973	1.0700973719929816	8.034005007466563
0.7975951903807614	-9.997968902043361	1.2406712937929685	-23.539006324737496	-0.2022532701482822	15.668843579845266	-9.07614694046912	5.365275026108425
0.7995991983967935	-12.857446907494886	8.77426529968392	-25.624056856625614	6.963573124124106	1.072714734045913	-11.260360105752381	-3.992043393518091
0.8016032064128256	-11.160965674824663	17.89305055720963	-18.428539290564657	11.384764982458675	-7.758274405161977	-7.053327581125763	-10.52601045877319
0.8036072144288576	-1.718103438507133	24.257051004755407	-8.16121860719711	15.084336075213546	-4.48666823364246	-2.4919610698057606	-10.36905754467077
0.8056112224448897	11.595987368530409	25.313850139023696	-1.0669519050622411	18.479526711741137	5.596940160180173	-1.2161153594800276	-6.095842268925341
0.8076152304609218	20.668811782062615	21.966549639741263	0.8138378918041621	19.0930594309721	10.037484237923755	-1.4713754420201577	0.3766089795819515
0.8096192384769538	20.5922565205976	15.835589508171662	-0.2926228424531367	14.685623354436519	4.549317799952769	0.7713574012904095	8.85664998115428
0.8116232464929859	10.911977446119062	8.682509059622245	-2.367277472670888	7.52894662329719	-3.6616535701065858	5.7889771137321215	16.805682139753305
0.813627254509018	-4.228689397167249	3.1832243800745443	-4.544970241808422	3.6405888376042066	-7.607998962106333	8.250624997148504	18.37217957037871
0.81563126252505	-15.568077686842427	-0.9630444271244293	-4.249499826883757	3.8331650740402408	-8.430060070211297	3.1526645537504003	10.227100463484513
0.8176352705410821	-15.57774697483301	-7.846751636219722	1.6437686070285324	0.9617513467798426	-9.975328210760805	-5.410071413191678	-3.477731333421228
0.8196392785571142	-6.010210360711615	-17.88199259584569	12.032840790439016	-8.666387922197599	-11.244546748922579	-6.392349821818169	-14.23698080523775
0.8216432865731462	4.798347348291519	-24.118076309195704	20.772436680626058	-18.835435649412762	-9.4783968215133	3.82396426769485	-15.858422113420962
0.8236472945891783	10.883182443413714	-18.860594961164228	23.132423894724184	-21.647016780961867	-6.990829705613791	16.44349731931093	-10.401208740597573
0.8256513026052104	12.648899578429134	-2.9511588154077204	21.004297581746435	-16.047871876308452	-8.479815249915262	22.221811644610863	-6.624207761943535
0.8276553106212424	13.807514731924488	11.55014586391082	19.000365172627895	-8.439413229950032	-14.087090348903395	20.261022912293353	-8.99008078538633
0.8296593186372745	17.154534357179035	11.282057696817768	18.109565682707235	-6.857941857177283	-18.966818348451987	14.656264132677794	-13.399328505814772
0.8316633266533066	21.332881097003874	-4.434900248904568	16.48767850722121	-12.698774010466682	-18.162339207282564	9.385948485118599	-15.72981505541613
0.8336673346693386	20.987388957551243	-23.205952151032157	13.681231308107966	-19.026494518916525	-10.60488970757621	5.869539685384933	-16.3196940527662
0.8356713426853707	13.160673143872277	-31.742161826004942	9.441802606721337	-18.135887406829475	1.4786449439984055	3.7422944634402318	-15.073379823913816
0.8376753507014028	2.344364853637397	-25.605605210036888	2.1514179743083433	-9.017130781275956	14.087821954376501	3.417593841951929	-10.367368851361652
0.8396793587174348	-4.647962476973841	-9.99463057502467	-7.405931330220461	3.0213550540048955	22.367570198990872	4.049705530587464	-3.15076139322655
0.8416833667334669	-6.313719490764821	5.453298807718293	-14.778820704456207	12.351025112675382	24.065836368454576	1.1049500822985618	3.2192674153149
0.843687374749499	-5.1073884832067185	13.147785828212966	-16.439662868926405	17.617777371503802	20.48999150395758	-8.797438050006546	7.125466435297267
0.845691382765531	-2.349255593941101	11.873914394816937	-14.064993320410192	21.152827260999025	14.334658413116715	-22.141891800753783	9.916350198926246
0.8476953907815631	0.8898196262574779	6.189910857982492	-13.014337938783187	23.890684402028533	8.600013236329007	-30.720270819552184	11.704963938815037
0.8496993987975952	0.6403470319961294	2.1678728296318157	-16.343770570975327	22.344683684539184	4.448241438941595	-29.019657465295413	9.105180718031637
0.8517034068136272	-5.8609636568522605	3.930430760239985	-22.19516617566306	13.92231632362613	0.9146467849128166	-18.353747994972597	2.1061161789075813
0.8537074148296593	-13.930631579307038	10.819804201275678	-26.096927603783254	2.327251743821651	-2.4427708082136577	-5.62917589270998	-2.6653523071908554
0.8557114228456913	-16.754758744600043	16.113746124603228	-24.476477576065147	-5.9384108204700405	-4.822369838746122	1.3369321801759984	-1.714876178594776
0.8577154308617234	-14.124490437390829	12.779820055580858	-17.406778377503684	-8.478924669409944	-5.1243883205950205	0.3675341978103358	0.8637856103614794
0.8597194388777555	-9.727869855336229	1.3082615373399245	-7.388833029206155	-8.226736424323814	-3.5187434162716347	-3.6195369402441075	1.4861069692428683
0.8617234468937875	-5.884783522725722	-11.916026912705698	3.163328333168201	-8.104000014674176	-1.4354939305977281	-5.2256608906872986	1.9324413142487602
0.8637274549098196	-3.9526172578322063	-21.41508849322086	11.398459632061163	-7.514664003728234	0.831165681852841	-4.306024175054069	6.054969696189992
0.8657314629258517	-4.779693206074993	-23.281856876092835	14.98578179119621	-5.273110537429733	4.157461050892651	-4.110819372022623	14.615048156439027
0.8677354709418837	-8.436000786550288	-14.462221805246768	14.95485948136967	-3.268842017928029	7.509200807518475	-5.809403154063591	22.89618941085401
0.8697394789579158	-13.53696684921772	2.050672168060953	13.232328626756937	-4.902909287646653	7.174694820782387	-7.13211378250609	23.669319766006847
0.8717434869739479	-15.49632532756915	15.612783743917882	9.473483542876776	-10.482674311752032	1.7611625920004117	-5.149368245273377	13.278661808039633
0.8737474949899798	-10.036121763042194	16.765991050320142	4.394962901455128	-16.058644678850744	-4.330395122976057	1.2283735707157983	-4.53230505318074
0.8757515030060119	0.005578530139847382	5.907024938183443	1.0949241783353725	-16.57883866699941	-6.238219496677042	9.468489710460817	-19.72704899196308
0.877755511022044	7.635538574642169	-7.558040072421881	1.265982939468954	-10.310002858032005	-4.803162309010672	14.530113628601812	-23.08881600758294
0.879759519038076	10.128189041666783	-13.691855880315082	3.5029096638286066	-1.8840014147369246	-4.984606137124878	13.699821951687591	-14.956607370045703
0.8817635270541081	9.030709573452272	-10.779979929035603	6.011112542730845	1.3269226605299724	-10.185390019656115	9.582890356859256	-4.823676576874759
0.8837675350701402	5.810060605174246	-5.159215464252985	10.099246112053926	-2.144540802724049	-18.230176782292382	7.369147171352341	-1.4983676807472535
0.8857715430861722	1.331780132948757	-2.3587646693015367	16.755717907106828	-6.737762938088745	-21.714302287474908	8.599041342937527	-4.754993495621597
0.8877755511022043	-2.9116065414415564	-1.5967499938351528	21.522263541734993	-7.218622531537494	-15.280539794691462	9.470564662907387	-6.378059838829668
0.8897795591182364	-5.03343921840401	0.8322786122448232	19.180504937826854	-1.9353650079747498	-3.8017029423313393	6.635552115493094	-0.31835150453934097
0.8917835671342684	-4.268671904001427	5.656872656875794	9.907023285525964	8.668987416021855	1.9685680936161114	1.5903408993891002	9.774744512785142
0.8937875751503005	-2.0320018668983044	9.450121161727568	-2.6145949160078277	20.451081923274554	-0.5648416786375619	-2.277911619860507	16.792323295275423
0.8957915831663326	-0.7828612089229551	9.643607217890132	-14.152941000444043	26.113996448953944	-3.2007199703537426	-5.061687481812943	19.93907610217435
0.8977955911823646	-2.1501155191848174	9.101985068650404	-20.526848399130284	22.9993141928394	-0.06844323236713581	-9.576340079768338	21.94023082315346
0.8997995991983967	-6.160259741639218	12.403303067234614	-20.589968061639837	16.11786727480129	5.068806919337397	-15.32545462485696	22.02159409398789
0.9018036072144288	-11.034736082790237	19.91368560741885	-17.220909928786682	11.289000425560804	6.255304623117619	-18.315655419420168	18.465827932566956
0.9038076152304608	-14.2879702698915	28.436694588103602	-12.383302371917909	10.122269175852775	3.3246134335646658	-16.71968798596338	13.33758846719373
0.9058116232464929	-14.38181838476442	32.41536267170537	-6.385826687090382	10.236463988982068	0.4875955189925578	-11.421617617956917	10.385169485508948
0.907815631262525	-10.395603267857563	25.896880443751282	-2.3319073972202804	7.536968573413181	0.7939416294721655	-3.293361471122535	10.597026930649298
0.909819639278557	-2.22468867731203	10.720405555637537	-3.376944011049385	0.8896995595612447	4.491815449776603	5.2903879968829886	12.492325826734774
0.9118236472945891	6.767682178334751	-2.395531335630227	-6.48642971321859	-6.162285852786353	8.958409228191591	9.0173879204879	14.435030818777543
0.9138276553106212	11.842912102940488	-6.3911003438381195	-6.224957111905149	-9.775898267064992	9.217890867805325	3.7022062314223025	13.26015161310337
0.9158316633266532	13.169845987968362	-5.131777155344017	-1.6357740895184985	-10.27664310623433	3.9783973706882882	-7.321771689439367	6.127496452997097
0.9178356713426853	14.21503674125355	-5.6435481236602785	5.220372831485997	-11.115390143348142	-1.0074551248993393	-13.373697419326673	-3.400938113726265
0.9198396793587174	15.165957007278914	-9.265872837027537	11.595775266568394	-13.277749864834743	-1.2970872126585633	-7.238154526077655	-8.42039553774973
0.9218436873747494	13.44279806944758	-12.600879381069587	13.657350944077484	-14.45826243836096	-0.19323782014884763	6.676888675938559	-7.714966197952573
0.9238476953907815	9.91627257703051	-14.231847413420262	9.26938581062859	-14.821927741452113	-1.717322774947021	18.907509017085975	-5.686700329534186
0.9258517034068136	10.327977601111318	-17.217503969764746	0.8345812114231409	-16.215512604843756	-4.508294083315847	24.289710879071052	-6.316514094403771
0.9278557114228456	17.237011703891444	-22.7887334791647	-5.832084530423676	-16.0899469352123	-6.947731909130372	21.730889058382356	-10.969043662538565
0.9298597194388777	23.588163817804084	-26.078894179860693	-4.963358552370852	-10.47542182358993	-9.895313341927652	12.131370998412223	-18.052152676125775
0.9318637274549098	20.33803952058125	-22.759834848916537	3.4835870479232462	-0.2915076848379234	-11.272804601266875	0.29893393323291184	-23.270000819670134
0.9338677354709418	8.41269349058074	-15.684506889909464	11.011813269320884	9.891418052210936	-7.100195305653521	-5.7241507066558315	-23.46933496796308
0.9358717434869739	-2.6142648872061143	-11.154046891212102	9.100226896599551	15.223379505276885	1.0454998302129643	-0.9350396047446748	-20.108054930750814
0.937875751503006	-5.390148992705478	-10.66257261484928	-0.05196199909287581	13.605021973455743	8.167145100055798	11.104584387533915	-17.133273175106282
0.939879759519038	-0.6203617112003751	-9.252765174185651	-7.167471293197858	8.872992174927044	12.725802890069199	20.947667010106006	-16.233911091404
0.9418837675350701	4.813963403067855	-2.497575783835278	-7.3065802504684685	7.4834911873737875	14.938855901243622	21.3038979333982	-15.24874750972055
0.9438877755511021	4.41613593410766	7.153178217077845	-3.3141228063269863	11.601511765853532	13.515677715264603	12.18611870858739	-10.793403438027294
0.9458917835671342	-2.1415849031239285	12.797904036944855	-0.8328367520839896	18.02979101210707	8.142875286564795	0.7451061576254953	-1.7779242829042614
0.9478957915831663	-10.856713978051426	10.942069368562139	-2.4498305087163703	21.929941281275653	1.4814190427864877	-5.964690305892129	8.89669642150555
0.9498997995991983	-18.076967345791726	4.7328295462423595	-6.353537248392844	20.682631500773244	-2.7857135873897563	-8.903358830184535	15.683370027383251
0.9519038076152304	-21.582999024817315	-0.3158702858576286	-8.56011163683109	15.788317133217783	-3.204785420380224	-12.500506636678779	15.759395240716476
0.9539078156312625	-20.775538033028614	-1.0677894674462785	-7.639215644056233	10.70882441534736	-1.5306565660949174	-16.379133701317933	12.805786161746855
0.9559118236472945	-17.212293095221387	2.5980880026367865	-8.032269824591298	7.481462090408281	-0.23772665788146544	-17.874868087923062	11.731140961503835
0.9579158316633266	-13.254279699091802	8.835685569157622	-12.96161466970412	6.749493226321692	-0.4326084685692082	-17.01397771580436	11.240956882407056
0.9599198396793587	-9.248744483281433	14.543541416906473	-17.976861402843564	8.201303083236356	-1.838955647622652	-15.410172929087272	6.5612379617678345
0.9619238476953907	-3.7084992038578095	16.274444827208836	-18.677215871322172	9.447415459182844	-3.3076278330497844	-13.050242855419631	-1.6029494414807983
0.9639278557114228	3.113123169677226	12.62140155376957	-16.0663660459783	7.3648572588832275	-3.8166777366269824	-8.096431926193693	-6.628781984393677
0.9659318637274549	8.457647154927445	5.575057297251242	-11.169668707363055	0.837053109806331	-3.6553607192425837	-0.35409761560940944	-5.703295307309504
0.9679358717434869	10.569778593210895	-2.8368673240756097	-3.521664366933686	-9.066372099912813	-4.158493780721043	7.0999761594257595	-4.085597020425813
0.969939879759519	11.045281790290854	-11.14396617679241	6.235091532975949	-19.007679849236066	-5.141096942184001	10.81957647604294	-6.4227667530392365
0.9719438877755511	13.072162210405367	-15.27879287396645	16.27805125327083	-23.033763257873566	-4.762248759536892	10.538487776699478	-9.93184015490401
0.9739478957915831	18.489947221221303	-13.037809790891428	23.42668724551028	-17.924701733188076	-2.984990252181264	8.693016319198422	-10.603729601440426
0.9759519038076151	24.561107163203133	-8.72402852545157	24.448571737254866	-9.022516878483263	-1.4190866223045584	7.652200023585427	-9.916926439292878
0.9779559118236472	22.614756450877135	-6.977368879117786	19.67753370407209	-4.774438518441612	-1.0121951034307115	9.422396879834482	-10.437000522394978
0.9799599198396792	7.48823765922305	-6.297639159791895	13.536503823969419	-7.407879027272483	-2.0780245788331815	14.131867931601018	-10.507346202208893
0.9819639278557113	-11.029952853267115	-2.528372903571591	11.048081051998137	-12.750208459754123	-4.230474888942145	17.833797612000073	-8.635410685986038
0.9839679358717434	-16.896791909022422	3.883573864237449	12.935526850983965	-15.823638809987704	-5.4422933501529585	15.471887589085378	-7.708371734840466
0.9859719438877754	-7.956091357177171	8.304895216431623	13.4228938514097	-15.780936109137617	-2.207955775254066	5.778721382110358	-9.927474504051375
0.9879759519038075	1.6740715179131795	8.007004364978089	6.926936351656502	-14.935677365788257	6.1698253115505945	-6.038312216300674	-13.190517466248735
0.9899799599198396	-0.46641347204441097	3.8283380082297436	-2.859804675818555	-12.267829835206049	14.486017422280616	-11.122211182500227	-14.223877273875683
0.9919839679358716	-11.53497438042029	-2.0822751725502835	-7.7315051658515666	-5.04763803383847	17.585835376494227	-6.241065614631224	-9.941777069928445
0.9939879759519037	-18.968534698474382	-6.467347390710354	-7.179749587394343	3.510368727039485	15.803033833524417	1.165626631835482	1.290651075981292
0.9959919839679358	-15.308437382866833	-4.890570866322334	-7.090341623297911	7.279618616404524	11.164087313572937	0.877032672095338	15.093448604180967
0.9979959919839678	-4.798696785492207	4.084007377459877	-8.787445173440597	5.266486681173434	4.7840203769277085	-9.196630368560717	22.29299378425524
1.0	3.6272092276619636	14.76211977065852	-7.770838787217742	1.0730422509557627	-0.3593068747907451	-21.65155120377268	18.533918395308685
